RowMax=122
0 87 17 red
1 15
2 16
3 19
4 22
5 24
6 40
7 41
8 43
9 45
10 47
11 48
12 59
13 63
14 64
15 66
16 72
17 74
0 0 0 0.755778
0 0.2 0 0.755778
-0.0391658 0.392822 -0.0358576 0.754718
-0.0574641 0.585532 -0.0861364 0.754718
-0.0561478 0.776917 -0.144188 0.753658
-0.0526841 0.972866 -0.184091 0.753658
-0.0397215 1.16816 -0.225215 0.753658
-0.0310372 1.36362 -0.266686 0.753658
-0.0103859 1.55367 -0.32547 0.753658
0.0058084 1.73969 -0.397131 0.753658
0.0206203 1.93046 -0.455308 0.753658
0.0359599 2.12461 -0.500831 0.753658
0.0457583 2.32084 -0.538202 0.753658
0.0580105 2.51512 -0.584079 0.752596
0.0707207 2.70875 -0.632529 0.702596
0.0764082 2.9024 -0.682197 0.656049
0.0783952 3.09401 -0.739481 0.622661
0.0742917 3.28352 -0.803291 0.602661
0.0691139 3.46664 -0.88352 0.602661
0.0621895 3.652 -0.958322 0.518952
0.0558908 3.8366 -1.03503 0.428952
0.0205829 4.01415 -1.12006 0.427083
-0.0109192 4.18798 -1.21382 0.38176
-0.084407 4.34262 -1.31719 0.34176
-0.1903 4.48837 -1.40403 0.339411
-0.307131 4.63577 -1.47205 0.339411
-0.416827 4.8 -1.50358 0.339411
-0.533886 4.96157 -1.51739 0.339411
-0.668535 5.10924 -1.50942 0.339411
-0.777797 5.27359 -1.47699 0.339411
-0.868617 5.44699 -1.43596 0.339411
-0.934655 5.63351 -1.40678 0.339411
-0.970711 5.82522 -1.36267 0.339411
-1.00938 6.01853 -1.32899 0.339411
-1.05906 6.21112 -1.30793 0.339411
-1.11713 6.40231 -1.2994 0.339411
-1.18514 6.59035 -1.30365 0.339411
-1.24836 6.78009 -1.30215 0.339411
-1.31421 6.96891 -1.30528 0.339411
-1.37726 7.15865 -1.3004 0.339411
-1.43883 7.34847 -1.28713 0.291204
-1.50346 7.53726 -1.27361 0.26533
-1.56923 7.72513 -1.25418 0.26533
-1.64284 7.90906 -1.22676 0.24
-1.72569 8.089 -1.19926 0.24
-1.8174 8.26224 -1.15951 0.215407
-1.90008 8.43335 -1.0972 0.215407
-1.95354 8.61029 -1.02081 0.195959
-1.99631 8.79132 -0.94735 0.174356
-2.03505 8.96665 -0.859258 0.174356
-2.07268 9.146 -0.779153 0.174356
-2.07248 9.3314 -0.704139 0.169706
-2.05736 9.52108 -0.642532 0.169706
-2.0325 9.7091 -0.579053 0.169706
-1.98658 9.90085 -0.545531 0.164924
-1.95008 10.0964 -0.524753 0.164924
-1.91854 10.2821 -0.592056 0.164924
-1.95303 10.458 -0.680671 0.164924
-1.99917 10.6439 -0.738134 0.16
-2.03642 10.8378 -0.770411 0.138564
-2.06854 11.0351 -0.776062 0.138564
-2.08947 11.2333 -0.759202 0.138564
-2.10539 11.4294 -0.723409 0.138564
-2.0927 11.617 -0.655244 0.132665
-2.0895 11.7998 -0.574111 0.113137
-2.10489 11.9791 -0.486945 0.10583
-2.1191 12.1539 -0.390794 0.0979796
-2.14567 12.3221 -0.285868 0.0894427
-2.1343 12.4933 -0.18302 0.0894427
-2.08302 12.6798 -0.13239 0.0894427
-2.03779 12.8697 -0.0887971 0.0894427
-1.99592 13.0608 -0.0471202 0.0894427
-1.96296 13.2537 -0.00575614 0.069282
-1.95424 13.4478 0.0416449 0.069282
-1.99568 13.6404 0.076027 0.0565685
-2.07884 13.8222 0.0726882 0.04
-2.1609 14.0046 0.0693642 0.04
-2.22638 14.1935 0.0743184 0.04
-2.27143 14.3855 0.107572 0.04
-2.31489 14.5766 0.147369 0.04
-2.37225 14.7668 0.170392 0.04
-2.41881 14.9605 0.188645 0.04
-2.45783 15.1566 0.190139 0.04
-2.51853 15.3471 0.184096 0.04
-2.57045 15.5394 0.165938 0.04
-2.59935 15.735 0.135787 0.04
-2.62571 15.9329 0.124949 0.04
1 60 15 green
18 20
19 22
20 24
21 27
22 29
23 31
24 33
25 34
26 36
27 37
28 38
29 41
30 42
31 43
32 50
0.0764082 2.9024 -0.682197 0.368782
0.251282 2.9268 -0.588264 0.368782
0.339756 3.07657 -0.489564 0.368782
0.444603 3.24581 -0.470468 0.366606
0.505224 3.43184 -0.511922 0.364417
0.53377 3.62583 -0.551324 0.364417
0.566276 3.82317 -0.55306 0.364417
0.60083 4.02016 -0.552524 0.364417
0.631443 4.2178 -0.550935 0.364417
0.66158 4.41527 -0.560748 0.364417
0.687304 4.61351 -0.554646 0.364417
0.719463 4.81091 -0.553312 0.364417
0.74992 5.0085 -0.558653 0.364417
0.766091 5.20743 -0.571517 0.362215
0.781177 5.40619 -0.587883 0.362215
0.793859 5.60578 -0.5866 0.362215
0.802035 5.80533 -0.597226 0.362215
0.815816 6.00474 -0.603974 0.362215
0.835468 6.2035 -0.614369 0.36
0.858924 6.40206 -0.619497 0.36
0.886824 6.6001 -0.618763 0.35327
0.924332 6.79643 -0.611742 0.32327
0.961621 6.99245 -0.598202 0.296648
1.01164 7.18459 -0.574117 0.296648
1.07903 7.36783 -0.530734 0.271293
1.17078 7.53511 -0.470753 0.271293
1.27883 7.67869 -0.382948 0.271293
1.39289 7.80573 -0.278761 0.256125
1.51532 7.92473 -0.17461 0.256125
1.64355 8.05184 -0.0885775 0.2498
1.76285 8.17744 0.011373 0.2498
1.88116 8.30455 0.110607 0.226274
1.97123 8.45522 0.20644 0.226274
2.04276 8.61319 0.306085 0.203961
2.14473 8.75777 0.399353 0.178885
2.26336 8.88079 0.50325 0.178885
2.40054 8.97057 0.617798 0.169706
2.54649 9.03311 0.739406 0.154919
2.69306 9.08066 0.866907 0.144222
2.84487 9.14159 0.981963 0.144222
2.99781 9.19988 1.09691 0.144222
3.14104 9.27343 1.21555 0.12
3.26886 9.36921 1.33592 0.113137
3.38156 9.48977 1.44889 0.10583
3.4637 9.62675 1.56927 0.10583
3.53277 9.77824 1.68009 0.10583
3.60816 9.93437 1.77978 0.10583
3.68796 10.0933 1.87131 0.0894427
3.75879 10.2569 1.962 0.0894427
3.83984 10.4236 2.03694 0.069282
3.88117 10.5992 2.12345 0.0565685
3.9056 10.7717 2.22166 0.0565685
3.9171 10.9462 2.31865 0.0565685
3.90491 11.125 2.40742 0.04
3.85805 11.2721 2.53453 0.04
3.77031 11.3426 2.69987 0.04
3.70364 11.4124 2.87504 0.04
3.64807 11.4979 3.0471 0.04
3.60982 11.6036 3.21252 0.04
3.62602 11.7143 3.37825 0.04
2 56 7 green
33 17
34 23
35 24
36 34
37 36
38 38
39 44
0.0783952 3.09401 -0.739481 0.25923
-0.109322 3.09285 -0.808482 0.25923
-0.29064 3.13062 -0.883962 0.25923
-0.409439 3.27734 -0.94999 0.25923
-0.505751 3.44971 -0.981809 0.25923
-0.589347 3.62022 -1.04456 0.25923
-0.660582 3.79828 -1.10131 0.25923
-0.727303 3.97567 -1.16518 0.25923
-0.80615 4.14432 -1.23825 0.25923
-0.859728 4.31312 -1.3312 0.256125
-0.954548 4.42527 -1.46696 0.256125
-1.0467 4.54173 -1.60092 0.256125
-1.1476 4.66909 -1.71752 0.256125
-1.24804 4.79195 -1.83925 0.256125
-1.3532 4.92575 -1.94432 0.256125
-1.45049 5.06619 -2.0483 0.252982
-1.56327 5.19862 -2.147 0.252982
-1.67761 5.33375 -2.2401 0.2498
-1.80001 5.46525 -2.32801 0.2498
-1.91545 5.60829 -2.40683 0.246577
-2.02493 5.76878 -2.45432 0.246577
-2.14251 5.92494 -2.4966 0.243311
-2.25572 6.07824 -2.55729 0.24
-2.35904 6.23152 -2.63366 0.2
-2.46978 6.38263 -2.70367 0.169706
-2.57473 6.53966 -2.76944 0.169706
-2.67884 6.69963 -2.82919 0.169706
-2.77893 6.85435 -2.90695 0.169706
-2.87487 7.00958 -2.9888 0.164924
-2.97548 7.12215 -3.11996 0.164924
-3.05671 7.21128 -3.27952 0.164924
-3.13563 7.29527 -3.44297 0.164924
-3.22883 7.39223 -3.591 0.16
-3.31623 7.49425 -3.73917 0.154919
-3.40935 7.59606 -3.88396 0.132665
-3.50691 7.71002 -4.01622 0.126491
-3.61421 7.82967 -4.13526 0.113137
-3.73059 7.95267 -4.24169 0.113137
-3.85012 8.07476 -4.34564 0.0979796
-3.96599 8.20461 -4.4442 0.0979796
-4.08225 8.32519 -4.5535 0.0979796
-4.18425 8.44187 -4.67991 0.0894427
-4.29184 8.54609 -4.81244 0.0894427
-4.40409 8.64922 -4.94191 0.0894427
-4.52128 8.74205 -5.07476 0.08
-4.62768 8.84702 -5.20765 0.069282
-4.7205 8.96214 -5.34231 0.069282
-4.80452 9.09083 -5.47029 0.0565685
-4.88757 9.23437 -5.58209 0.0565685
-4.95259 9.41176 -5.64769 0.04
-5.04607 9.57901 -5.70503 0.04
-5.15369 9.72445 -5.79029 0.04
-5.07367 9.90631 -5.81313 0.04
-4.93237 10.0218 -5.89494 0.04
-4.81358 10.0332 -6.05544 0.04
-4.71324 10.0451 -6.22804 0.04
3 64 15 green
40 17
41 18
42 19
43 22
44 24
45 26
46 33
47 37
48 38
49 39
50 41
51 42
52 43
53 45
54 46
0.0621895 3.652 -0.958322 0.421426
0.255392 3.66722 -1.00773 0.421426
0.413076 3.78497 -1.04338 0.421426
0.533038 3.94265 -1.07073 0.421426
0.63359 4.11241 -1.10345 0.421426
0.722064 4.28929 -1.13317 0.421426
0.800562 4.46905 -1.17223 0.421426
0.876277 4.65025 -1.2101 0.421426
0.943037 4.83219 -1.25951 0.421426
1.00852 5.01531 -1.30618 0.421426
1.06694 5.20263 -1.34487 0.419524
1.13572 5.38617 -1.38467 0.419524
1.20318 5.56818 -1.43287 0.419524
1.27494 5.74925 -1.47826 0.419524
1.34895 5.92797 -1.52909 0.419524
1.43774 6.10383 -1.56359 0.419524
1.53616 6.27548 -1.59273 0.419524
1.63749 6.44383 -1.62999 0.373095
1.7514 6.60324 -1.67017 0.31496
1.87917 6.75215 -1.70891 0.26533
2.02324 6.88476 -1.74962 0.26533
2.15675 7.02032 -1.81127 0.26533
2.25737 7.16994 -1.8978 0.21166
2.31546 7.32682 -2.00742 0.21166
2.32935 7.47606 -2.13984 0.203961
2.34318 7.62838 -2.2687 0.203961
2.35565 7.7765 -2.40251 0.178885
2.38074 7.91618 -2.54344 0.178885
2.40899 8.05969 -2.67984 0.178885
2.44881 8.20073 -2.81595 0.174356
2.51239 8.33192 -2.95286 0.169706
2.61764 8.43526 -3.08792 0.169706
2.75761 8.51131 -3.20886 0.164924
2.90318 8.57783 -3.3288 0.149666
3.05651 8.64118 -3.44049 0.144222
3.21093 8.7119 -3.5461 0.144222
3.36564 8.79832 -3.63882 0.144222
3.51685 8.88669 -3.7354 0.126491
3.67372 8.969 -3.82822 0.12
3.82542 9.06732 -3.91378 0.113137
3.97322 9.16448 -4.00714 0.113137
4.10975 9.26264 -4.11541 0.0979796
4.24002 9.35966 -4.2321 0.0894427
4.37617 9.44567 -4.35071 0.08
4.51232 9.53805 -4.4644 0.08
4.64493 9.64693 -4.56717 0.069282
4.77414 9.75785 -4.67206 0.04
4.89861 9.86648 -4.78478 0.04
5.03355 9.9772 -4.88242 0.04
5.13818 10.132 -4.95375 0.04
5.13741 10.33 -4.92538 0.04
5.14687 10.5287 -4.90523 0.04
5.18709 10.7241 -4.89051 0.04
5.20176 10.9236 -4.8922 0.04
5.12152 11.1038 -4.92477 0.04
5.10447 11.2511 -5.05901 0.04
5.0824 11.397 -5.19405 0.04
5.03001 11.5371 -5.32683 0.04
5.02558 11.6877 -5.4583 0.04
5.03985 11.8476 -5.57765 0.04
5.05842 12.0095 -5.69351 0.04
5.08095 12.1733 -5.80601 0.04
5.11485 12.3403 -5.91077 0.04
5.15338 12.5158 -5.99871 0.04
4 55 9 green
55 17
56 18
57 19
58 21
59 26
60 27
61 28
62 40
63 43
-0.0109192 4.18798 -1.21382 0.256125
0.153323 4.16275 -1.32512 0.256125
0.209964 4.23353 -1.5034 0.256125
0.177091 4.32584 -1.67774 0.256125
0.1752 4.44953 -1.8349 0.256125
0.165487 4.59719 -1.96945 0.256125
0.155289 4.75185 -2.09585 0.256125
0.132282 4.90205 -2.22588 0.256125
0.108051 5.05037 -2.35785 0.256125
0.0728422 5.18966 -2.49698 0.252982
0.0388831 5.33746 -2.62737 0.252982
-0.00655342 5.48479 -2.75477 0.2498
-0.0596633 5.62892 -2.88285 0.246577
-0.078107 5.7839 -3.00791 0.246577
-0.0862916 5.95213 -3.11578 0.246577
-0.0992861 6.12201 -3.22052 0.243311
-0.122687 6.28355 -3.33609 0.243311
-0.15516 6.44393 -3.45108 0.233238
-0.187963 6.60066 -3.57092 0.229783
-0.237946 6.75292 -3.69058 0.226274
-0.294839 6.91012 -3.80035 0.226274
-0.359103 7.0804 -3.88328 0.203961
-0.402361 7.26491 -3.94719 0.2
-0.408385 7.45151 -4.01892 0.2
-0.365907 7.63245 -4.09279 0.2
-0.322519 7.79368 -4.20289 0.2
-0.31272 7.96237 -4.30988 0.178885
-0.32054 8.13309 -4.41377 0.149666
-0.344454 8.29614 -4.5271 0.138564
-0.372038 8.46811 -4.62541 0.138564
-0.407193 8.62862 -4.73943 0.138564
-0.45331 8.79006 -4.8481 0.138564
-0.502816 8.9579 -4.94494 0.138564
-0.555023 9.14127 -5.00536 0.138564
-0.607943 9.33352 -4.9898 0.138564
-0.654043 9.5268 -4.96708 0.138564
-0.694752 9.72249 -4.96018 0.138564
-0.730177 9.91894 -4.97261 0.132665
-0.763564 10.1128 -5.00872 0.132665
-0.794145 10.3038 -5.05944 0.132665
-0.844994 10.4899 -5.11233 0.10583
-0.905249 10.6767 -5.15065 0.10583
-0.980636 10.8618 -5.15794 0.10583
-1.06928 11.0411 -5.15529 0.08
-1.1635 11.2175 -5.1538 0.069282
-1.25178 11.3968 -5.14715 0.069282
-1.35134 11.5639 -5.10038 0.0565685
-1.48169 11.7004 -5.03431 0.04
-1.62627 11.8381 -5.04639 0.04
-1.66484 12.006 -5.14795 0.04
-1.67775 12.1752 -5.2537 0.04
-1.7069 12.3432 -5.35831 0.04
-1.74529 12.4613 -5.51511 0.04
-1.78337 12.5791 -5.67215 0.04
-1.83166 12.7036 -5.82107 0.04
5 6 0 green
-0.1903 4.48837 -1.40403 0.04
-0.313708 4.50519 -1.24755 0.04
-0.430827 4.60409 -1.11908 0.04
-0.534011 4.76121 -1.05077 0.04
-0.578808 4.95198 -1.0108 0.04
-0.571907 5.14952 -1.04129 0.04
6 34 6 green
64 13
65 15
66 17
67 20
68 21
69 23
-1.43883 7.34847 -1.28713 0.174356
-1.42446 7.38651 -1.0913 0.174356
-1.4463 7.49692 -0.925978 0.174356
-1.42214 7.66506 -0.820411 0.174356
-1.43215 7.84702 -0.737987 0.174356
-1.48611 7.99213 -0.611379 0.174356
-1.58043 8.12064 -0.490589 0.174356
-1.66462 8.2861 -0.416202 0.174356
-1.72583 8.45222 -0.323149 0.174356
-1.7967 8.61987 -0.240264 0.174356
-1.86205 8.79583 -0.171225 0.174356
-1.90944 8.9662 -0.0777969 0.174356
-1.98048 9.12364 0.0230352 0.174356
-2.06323 9.27983 0.116612 0.144222
-2.13225 9.4341 0.223549 0.144222
-2.20425 9.59597 0.316371 0.126491
-2.2738 9.75457 0.416405 0.126491
-2.34193 9.91747 0.51033 0.12
-2.39782 10.0819 0.609506 0.12
-2.45612 10.2371 0.721333 0.12
-2.5217 10.3793 0.845806 0.0979796
-2.60828 10.5136 0.966126 0.0894427
-2.70443 10.6263 1.10043 0.0894427
-2.81887 10.7278 1.22933 0.08
-2.94887 10.8096 1.35743 0.08
-3.07854 10.8882 1.48783 0.08
-3.18391 10.971 1.63627 0.069282
-3.29885 11.0462 1.78165 0.0565685
-3.40013 11.1173 1.93878 0.0565685
-3.43235 11.1914 2.12172 0.04
-3.45173 11.224 2.3181 0.04
-3.44457 11.2371 2.51754 0.04
-3.36224 11.2682 2.69713 0.04
-3.20176 11.2942 2.81364 0.04
7 34 1 green
70 17
-1.50346 7.53726 -1.27361 0.12
-1.55272 7.55825 -1.46631 0.113137
-1.61796 7.63228 -1.64028 0.113137
-1.70117 7.77847 -1.74846 0.113137
-1.75352 7.94158 -1.85168 0.113137
-1.75791 8.12645 -1.92786 0.10583
-1.77968 8.31604 -1.98771 0.0979796
-1.81355 8.50913 -2.02733 0.0979796
-1.85922 8.69935 -2.06895 0.0979796
-1.93019 8.88233 -2.1074 0.0979796
-1.99749 9.06632 -2.14763 0.0979796
-2.05952 9.2506 -2.19448 0.0979796
-2.11574 9.43711 -2.23981 0.0979796
-2.17097 9.62354 -2.28661 0.0979796
-2.22181 9.80497 -2.35369 0.0979796
-2.26597 9.9922 -2.40842 0.0894427
-2.3076 10.1761 -2.47516 0.0894427
-2.35709 10.3504 -2.55973 0.069282
-2.41271 10.5236 -2.6429 0.069282
-2.47595 10.6753 -2.75688 0.069282
-2.5375 10.8235 -2.87622 0.0565685
-2.59697 10.9705 -2.99814 0.0565685
-2.66344 11.1269 -3.10349 0.0565685
-2.73266 11.2799 -3.21225 0.0565685
-2.78871 11.443 -3.31346 0.0565685
-2.85672 11.6037 -3.41122 0.0565685
-2.93443 11.7439 -3.53084 0.0565685
-3.01071 11.8925 -3.64081 0.0565685
-3.07954 12.0386 -3.75872 0.0565685
-3.17333 12.1807 -3.86364 0.0565685
-3.27066 12.2985 -3.99273 0.0565685
-3.39205 12.3631 -4.13797 0.04
-3.53716 12.4334 -4.25629 0.04
-3.70356 12.5436 -4.26931 0.04
8 35 2 green
71 20
72 22
-1.64284 7.90906 -1.22676 0.113137
-1.46525 8.00005 -1.21318 0.113137
-1.30075 8.11287 -1.1987 0.113137
-1.14086 8.21117 -1.12961 0.113137
-1.00463 8.35042 -1.08433 0.113137
-0.875233 8.49212 -1.02797 0.113137
-0.771346 8.63822 -0.939288 0.113137
-0.703164 8.81131 -0.865873 0.113137
-0.639593 8.96534 -0.755261 0.113137
-0.553747 9.12901 -0.678833 0.113137
-0.469121 9.30588 -0.63937 0.113137
-0.377626 9.47993 -0.602853 0.113137
-0.291709 9.65736 -0.569122 0.113137
-0.217146 9.83806 -0.526842 0.10583
-0.152772 10.0229 -0.485926 0.10583
-0.122798 10.2191 -0.460648 0.0979796
-0.0994347 10.4164 -0.437977 0.0979796
-0.106418 10.6116 -0.395083 0.0979796
-0.116998 10.8084 -0.360859 0.0979796
-0.131439 11.0077 -0.353002 0.0979796
-0.154436 11.2058 -0.337614 0.0894427
-0.173444 11.4044 -0.323698 0.0894427
-0.180589 11.5917 -0.393345 0.08
-0.209356 11.7523 -0.509007 0.08
-0.309261 11.8639 -0.641607 0.069282
-0.369324 12.0068 -0.767928 0.069282
-0.42411 12.1981 -0.788236 0.069282
-0.468037 12.381 -0.85616 0.0565685
-0.47333 12.5516 -0.960365 0.0565685
-0.468628 12.6964 -1.09831 0.0565685
-0.463882 12.841 -1.23633 0.0565685
-0.457752 12.9854 -1.37456 0.04
-0.441033 13.1335 -1.50793 0.04
-0.337256 13.2563 -1.62697 0.04
-0.303021 13.424 -1.73034 0.04
9 30 0 green
-1.8174 8.26224 -1.15951 0.10583
-2.00093 8.22008 -1.2269 0.10583
-2.18544 8.18418 -1.15859 0.10583
-2.37141 8.16634 -1.08719 0.0979796
-2.55043 8.2043 -1.00649 0.0979796
-2.74511 8.2497 -1.00055 0.0979796
-2.9372 8.25398 -1.05609 0.0894427
-3.12215 8.3286 -1.07105 0.0894427
-3.27604 8.45417 -1.09454 0.0894427
-3.41409 8.58882 -1.14756 0.0894427
-3.54048 8.72849 -1.21478 0.0894427
-3.65958 8.8799 -1.26851 0.0894427
-3.77971 9.03878 -1.28663 0.0894427
-3.90498 9.19458 -1.28087 0.0894427
-4.02558 9.35408 -1.28469 0.0894427
-4.14567 9.514 -1.28251 0.0894427
-4.26802 9.67216 -1.27851 0.0894427
-4.39199 9.82911 -1.2782 0.0894427
-4.51357 9.9879 -1.27658 0.08
-4.63152 10.1494 -1.27642 0.08
-4.75555 10.3028 -1.30947 0.069282
-4.87693 10.4617 -1.31193 0.069282
-4.99379 10.6226 -1.29011 0.069282
-5.10553 10.7873 -1.27031 0.069282
-5.19696 10.9639 -1.24921 0.069282
-5.28486 11.135 -1.19457 0.0565685
-5.34317 11.3168 -1.13485 0.0565685
-5.34791 11.5087 -1.07883 0.04
-5.28275 11.6832 -1.0061 0.04
-5.17445 11.832 -1.08443 0.04
10 25 0 green
-1.95354 8.61029 -1.02081 0.0894427
-1.82607 8.70287 -1.14402 0.08
-1.81545 8.87421 -1.24663 0.08
-1.87925 9.02226 -1.36499 0.08
-1.93611 9.20156 -1.43295 0.08
-1.97342 9.39427 -1.47129 0.08
-1.97468 9.59427 -1.47133 0.08
-1.99033 9.79315 -1.48546 0.08
-2.00352 9.9927 -1.48294 0.08
-2.00661 10.1854 -1.42945 0.08
-2.0958 10.3618 -1.3992 0.08
-2.182 10.5394 -1.43156 0.069282
-2.21651 10.7347 -1.45746 0.069282
-2.22679 10.9344 -1.46048 0.069282
-2.22505 11.1331 -1.48298 0.069282
-2.19089 11.3293 -1.50094 0.0565685
-2.14379 11.5075 -1.57874 0.0565685
-2.08242 11.6686 -1.68003 0.0565685
-2.06426 11.8287 -1.79858 0.0565685
-2.05905 11.9895 -1.91732 0.04
-2.07652 12.1573 -2.02483 0.04
-2.10591 12.3339 -2.11401 0.04
-2.12575 12.5154 -2.19557 0.04
-2.16331 12.6997 -2.26344 0.04
-2.11045 12.8276 -2.40785 0.04
11 24 1 green
73 7
-1.99631 8.79132 -0.94735 0.0894427
-2.1095 8.73699 -0.791669 0.0894427
-2.27859 8.73225 -0.684955 0.0894427
-2.43911 8.7874 -0.579179 0.0894427
-2.60143 8.85891 -0.486768 0.0894427
-2.75017 8.95444 -0.393217 0.0894427
-2.88557 9.05972 -0.290339 0.0894427
-3.02066 9.17697 -0.200887 0.08
-3.14768 9.30472 -0.114026 0.08
-3.25735 9.44582 -0.0242311 0.08
-3.4015 9.56106 0.0528488 0.08
-3.55916 9.66707 0.115349 0.08
-3.70809 9.77726 0.190706 0.08
-3.87564 9.87555 0.238286 0.069282
-4.0616 9.93973 0.274318 0.069282
-4.25516 9.98553 0.295265 0.069282
-4.43402 10.0719 0.318597 0.069282
-4.61136 10.149 0.369692 0.069282
-4.78597 10.2454 0.384386 0.069282
-4.97155 10.3169 0.405527 0.0565685
-5.12291 10.4466 0.421729 0.04
-5.18312 10.637 0.409686 0.04
-5.209 10.8276 0.464402 0.04
-5.28352 11.0132 0.46533 0.04
12 20 0 green
-2.03642 10.8378 -0.770411 0.08
-2.228 10.835 -0.827767 0.08
-2.39186 10.918 -0.906951 0.08
-2.51478 11.0669 -0.959072 0.08
-2.65655 11.1992 -1.00804 0.08
-2.79618 11.3382 -1.04239 0.08
-2.95805 11.4542 -1.06118 0.08
-3.13117 11.5528 -1.07824 0.08
-3.26771 11.6971 -1.05519 0.08
-3.41961 11.8269 -1.0645 0.08
-3.58067 11.9401 -1.09971 0.08
-3.72747 12.071 -1.13605 0.08
-3.8719 12.2036 -1.1754 0.08
-4.00752 12.347 -1.20785 0.08
-4.14047 12.4935 -1.23719 0.08
-4.26345 12.6461 -1.27722 0.08
-4.38571 12.7966 -1.32629 0.08
-4.51852 12.9393 -1.37077 0.08
-4.6191 13.0987 -1.43762 0.04
-4.7196 13.2587 -1.5034 0.04
13 6 0 green
-2.0927 11.617 -0.655244 0.04
-2.14998 11.6974 -0.829205 0.04
-2.16287 11.8749 -0.92034 0.04
-2.27506 12.0347 -0.876902 0.04
-2.35953 12.2101 -0.831115 0.04
-2.47179 12.3554 -0.751852 0.04
14 9 1 green
74 5
-2.0895 11.7998 -0.574111 0.069282
-1.94772 11.7618 -0.438256 0.069282
-1.83834 11.825 -0.283195 0.069282
-1.79364 11.8876 -0.0985962 0.0565685
-1.77247 12.0109 0.057467 0.0565685
-1.81768 12.1006 0.230424 0.04
-1.95222 12.1327 0.37488 0.04
-2.14084 12.1261 0.44106 0.04
-2.32693 12.1467 0.511409 0.04
15 9 0 green
-2.1191 12.1539 -0.390794 0.04
-2.31858 12.1447 -0.379565 0.04
-2.51474 12.1776 -0.358572 0.04
-2.70097 12.235 -0.313608 0.04
-2.86636 12.3359 -0.263974 0.04
-3.03021 12.4498 -0.250179 0.04
-3.18503 12.5747 -0.229549 0.04
-3.31675 12.7219 -0.198423 0.04
-3.47602 12.8423 -0.18651 0.04
16 11 0 green
-1.96296 13.2537 -0.00575614 0.04
-1.79018 13.2267 0.0913089 0.04
-1.68629 13.26 0.258937 0.04
-1.59001 13.3534 0.407241 0.04
-1.51859 13.4657 0.556602 0.04
-1.44728 13.5781 0.705856 0.04
-1.41373 13.6918 0.866952 0.04
-1.3794 13.805 1.02815 0.04
-1.36899 13.9175 1.19321 0.04
-1.33574 14.048 1.34105 0.04
-1.3579 14.1947 1.47516 0.04
17 10 0 green
-1.99568 13.6404 0.076027 0.04
-1.9351 13.6556 0.266025 0.04
-1.90823 13.7294 0.449935 0.04
-1.88135 13.8033 0.633844 0.04
-1.84057 13.8939 0.807425 0.04
-1.78936 13.9892 0.975637 0.04
-1.72689 14.0946 1.13368 0.04
-1.66458 14.2001 1.29174 0.04
-1.60265 14.3059 1.44981 0.04
-1.5354 14.4031 1.61115 0.04
18 16 0 blue
0.886824 6.6001 -0.618763 0.069282
1.01881 6.59104 -0.768757 0.069282
1.1061 6.6988 -0.912864 0.069282
1.10316 6.84017 -1.05431 0.069282
1.04601 7.0019 -1.15715 0.069282
0.984364 7.17228 -1.24184 0.069282
0.923733 7.34119 -1.33011 0.069282
0.838346 7.49449 -1.42607 0.069282
0.716565 7.62201 -1.52046 0.0565685
0.586911 7.7225 -1.63487 0.0565685
0.465464 7.83911 -1.74282 0.0565685
0.36727 7.95257 -1.87505 0.0565685
0.244074 8.04215 -2.00466 0.0565685
0.139091 8.11067 -2.16049 0.04
0.0580967 8.05299 -2.33402 0.04
0.0543463 7.88674 -2.44514 0.04
19 34 9 blue
75 9
76 10
77 12
78 13
79 14
80 15
81 20
82 22
83 26
0.961621 6.99245 -0.598202 0.191833
0.788981 7.08589 -0.559927 0.191833
0.71233 7.18176 -0.402022 0.191833
0.727458 7.28323 -0.230338 0.191833
0.748897 7.40538 -0.0734346 0.191833
0.750256 7.56554 0.046348 0.187617
0.758248 7.74309 0.138056 0.187617
0.734908 7.93023 0.20464 0.187617
0.720977 8.1221 0.259334 0.187617
0.723666 8.31514 0.311586 0.183303
0.733963 8.50889 0.360119 0.169706
0.747314 8.69863 0.42193 0.169706
0.744899 8.88758 0.487425 0.16
0.752698 9.06962 0.569897 0.154919
0.780168 9.23994 0.671073 0.138564
0.806632 9.38465 0.806563 0.132665
0.830264 9.51867 0.953127 0.132665
0.844503 9.64253 1.10951 0.132665
0.84994 9.76318 1.26893 0.12
0.851791 9.89666 1.41786 0.12
0.847299 10.038 1.55925 0.0979796
0.83288 10.1718 1.70728 0.0979796
0.834034 10.3 1.86072 0.0894427
0.820371 10.4331 2.00939 0.0894427
0.803311 10.5637 2.15986 0.0894427
0.783617 10.6635 2.3321 0.0894427
0.745503 10.7497 2.50849 0.069282
0.701232 10.8463 2.67793 0.069282
0.667484 10.9411 2.85075 0.0565685
0.639028 11.0374 3.02371 0.0565685
0.599298 11.1202 3.20141 0.0565685
0.521435 11.1733 3.37781 0.0565685
0.39753 11.2764 3.49619 0.04
0.205646 11.3277 3.51965 0.04
20 26 2 blue
84 8
85 9
1.07903 7.36783 -0.530734 0.12
1.11759 7.4323 -0.716091 0.12
1.21819 7.55269 -0.840126 0.12
1.32165 7.69224 -0.939232 0.12
1.41964 7.84042 -1.03111 0.113137
1.50632 8.00889 -1.09516 0.10583
1.56403 8.19744 -1.12865 0.10583
1.59774 8.38967 -1.17234 0.0979796
1.63413 8.58527 -1.1928 0.0894427
1.66206 8.78329 -1.18984 0.08
1.70425 8.97859 -1.18106 0.069282
1.7882 9.15196 -1.12726 0.0565685
1.88546 9.25918 -0.989261 0.0565685
2.03007 9.32343 -0.866948 0.0565685
2.18334 9.40875 -0.770877 0.0565685
2.33624 9.51299 -0.69502 0.0565685
2.48423 9.62373 -0.618644 0.0565685
2.55005 9.81185 -0.601922 0.0565685
2.55014 10.0053 -0.55121 0.0565685
2.56524 10.2047 -0.552916 0.0565685
2.63205 10.3922 -0.573055 0.0565685
2.70178 10.5796 -0.571895 0.0565685
2.74579 10.7713 -0.535452 0.0565685
2.77921 10.9682 -0.525201 0.04
2.91785 11.1037 -0.574263 0.04
3.09811 11.1137 -0.660329 0.04
21 25 0 blue
1.39289 7.80573 -0.278761 0.0894427
1.39491 7.67794 -0.124921 0.0894427
1.34692 7.62295 0.061286 0.08
1.40763 7.64177 0.250917 0.08
1.48561 7.70803 0.422757 0.08
1.59201 7.78071 0.575713 0.08
1.68008 7.8887 0.719179 0.08
1.71988 8.02331 0.861648 0.08
1.75571 8.14612 1.01538 0.08
1.79903 8.26998 1.16632 0.08
1.85396 8.39377 1.31348 0.08
1.93833 8.50314 1.45812 0.069282
2.01462 8.60805 1.61035 0.069282
2.08404 8.7062 1.77019 0.0565685
2.17565 8.81277 1.9125 0.0565685
2.28912 8.92316 2.03472 0.0565685
2.40145 9.02365 2.16619 0.0565685
2.48809 9.11446 2.3219 0.04
2.59388 9.27365 2.38078 0.04
2.63429 9.46649 2.4151 0.04
2.67996 9.65414 2.46708 0.04
2.74686 9.83441 2.5221 0.04
2.75192 10.018 2.60137 0.04
2.73894 10.21 2.6558 0.04
2.69252 10.404 2.66963 0.04
22 25 0 blue
1.64355 8.05184 -0.0885775 0.0565685
1.82391 8.00627 -0.16202 0.0565685
2.01736 7.9603 -0.18352 0.0565685
2.21276 7.96172 -0.140892 0.0565685
2.3918 7.95664 -0.0518973 0.0565685
2.57897 7.92996 0.0133437 0.0565685
2.75746 7.87582 0.0855232 0.0565685
2.92919 7.86266 0.187187 0.0565685
3.08069 7.86098 0.317746 0.0565685
3.23594 7.85579 0.443721 0.0565685
3.38651 7.86355 0.575131 0.0565685
3.53039 7.86676 0.714012 0.0565685
3.67645 7.87909 0.850076 0.0565685
3.82928 7.91726 0.973315 0.0565685
3.97773 7.94526 1.10438 0.0565685
4.12682 7.99216 1.22917 0.0565685
4.27473 8.0498 1.35083 0.04
4.41744 8.13981 1.45822 0.04
4.5706 8.23648 1.54305 0.04
4.72505 8.33728 1.6204 0.04
4.87645 8.45097 1.68486 0.04
5.0357 8.51108 1.78986 0.04
5.22527 8.57482 1.78857 0.04
5.35491 8.69858 1.87732 0.04
5.34426 8.8265 2.03069 0.04
23 22 1 blue
86 16
1.88116 8.30455 0.110607 0.10583
1.93608 8.17999 0.257132 0.10583
2.03599 8.11526 0.417844 0.10583
2.14714 8.07889 0.580087 0.10583
2.28313 8.08869 0.72641 0.10583
2.41907 8.1168 0.870386 0.10583
2.56665 8.08954 1.00259 0.10583
2.71877 8.04941 1.12607 0.10583
2.88104 7.95917 1.2004 0.10583
3.04009 7.89373 1.30248 0.10583
3.18542 7.8621 1.43619 0.0979796
3.33345 7.84125 1.56906 0.0979796
3.47404 7.84387 1.71128 0.0979796
3.60812 7.85664 1.85913 0.0979796
3.73843 7.88631 2.00792 0.0979796
3.86207 7.93451 2.15756 0.0894427
3.97222 8.00496 2.30889 0.069282
4.03059 8.10628 2.47115 0.069282
4.09492 8.20867 2.63046 0.0565685
4.14357 8.30731 2.7975 0.04
4.13453 8.38275 2.9825 0.04
4.00236 8.45836 3.11218 0.04
24 21 1 blue
87 1
2.04276 8.61319 0.306085 0.0979796
1.9149 8.75699 0.251562 0.0894427
1.84934 8.92736 0.16985 0.08
1.84832 9.10711 0.0821712 0.08
1.89151 9.30169 0.098768 0.08
1.86325 9.46446 0.211494 0.08
1.86549 9.63913 0.308886 0.08
1.86201 9.81843 0.397428 0.08
1.84682 9.99515 0.48984 0.08
1.84349 10.167 0.592161 0.069282
1.86205 10.34 0.690727 0.069282
1.87444 10.4931 0.818782 0.0565685
1.82948 10.6192 0.9674 0.0565685
1.81444 10.7068 1.14658 0.0565685
1.77231 10.8405 1.28921 0.0565685
1.76857 10.9987 1.41143 0.04
1.7621 11.1573 1.53315 0.04
1.73997 11.2994 1.67214 0.04
1.69216 11.4409 1.80519 0.04
1.68714 11.5666 1.96065 0.04
1.50114 11.6272 1.91898 0.04
25 19 0 blue
2.14473 8.75777 0.399353 0.0979796
2.08242 8.93684 0.335685 0.0979796
2.14994 9.09924 0.240465 0.0979796
2.24609 9.24707 0.146115 0.0979796
2.34882 9.39059 0.0520489 0.0979796
2.46308 9.5303 -0.0341349 0.0979796
2.55811 9.70097 -0.0770295 0.0979796
2.63052 9.88517 -0.105766 0.0979796
2.71073 10.0678 -0.120934 0.0894427
2.7854 10.2532 -0.127057 0.0894427
2.85109 10.442 -0.120076 0.0894427
2.9174 10.6286 -0.0922982 0.0894427
2.98906 10.8131 -0.0636701 0.08
3.03908 11.0057 -0.0431181 0.08
3.06395 11.2028 -0.0201171 0.08
3.09399 11.3958 0.0227341 0.04
3.13386 11.5909 0.0412815 0.04
3.15074 11.7868 0.0781671 0.04
3.1515 11.9574 0.182483 0.04
26 11 1 blue
88 2
2.40054 8.97057 0.617798 0.0565685
2.46844 8.7976 0.691778 0.0565685
2.55006 8.7509 0.868291 0.04
2.60709 8.69551 1.05181 0.04
2.72001 8.73718 1.21153 0.04
2.74277 8.82201 1.39122 0.04
2.74736 8.91501 1.56822 0.04
2.74023 9.10624 1.62636 0.04
2.75996 9.27487 1.73207 0.04
2.70487 9.42467 1.85259 0.04
2.77106 9.5524 1.99153 0.04
27 21 0 blue
2.54649 9.03311 0.739406 0.069282
2.45995 9.20618 0.789959 0.069282
2.39812 9.38423 0.856871 0.069282
2.35956 9.56303 0.937748 0.069282
2.3257 9.73913 1.02632 0.069282
2.32304 9.92275 1.10554 0.069282
2.33768 10.1081 1.17931 0.069282
2.37691 10.2917 1.24828 0.069282
2.42984 10.473 1.31386 0.069282
2.50935 10.6454 1.37676 0.069282
2.59482 10.8198 1.42476 0.0565685
2.68308 10.9901 1.48126 0.0565685
2.74413 11.1638 1.55938 0.04
2.81047 11.3366 1.63507 0.04
2.90018 11.5109 1.67509 0.04
2.97387 11.6897 1.72578 0.04
3.03915 11.8652 1.79607 0.04
3.1107 12.0381 1.86666 0.04
3.15805 12.2138 1.94981 0.04
3.22797 12.3849 2.02605 0.04
3.28126 12.5535 2.1195 0.04
28 11 0 blue
2.69306 9.08066 0.866907 0.0565685
2.8401 9.04143 0.737138 0.0565685
3.01668 9.07557 0.649651 0.0565685
3.20929 9.10423 0.604067 0.0565685
3.40608 9.13756 0.591262 0.0565685
3.60346 9.16298 0.611127 0.0565685
3.80246 9.1614 0.631034 0.0565685
3.99563 9.21304 0.635545 0.0565685
4.14823 9.3423 0.637585 0.04
4.18537 9.52334 0.561142 0.04
4.0435 9.60503 0.67604 0.04
29 14 0 blue
3.14104 9.27343 1.21555 0.069282
3.18355 9.46199 1.26691 0.0565685
3.09803 9.6356 1.31737 0.0565685
3.02968 9.76982 1.44895 0.0565685
2.98587 9.8585 1.62278 0.0565685
2.95976 9.9604 1.79288 0.0565685
2.94735 10.0594 1.9662 0.04
2.98379 10.1748 2.12545 0.04
2.99144 10.321 2.26175 0.04
2.97603 10.4821 2.37919 0.04
3.03579 10.6498 2.4703 0.04
2.9268 10.7879 2.56552 0.04
2.83929 10.9415 2.65899 0.04
2.77571 11.1037 2.7573 0.04
30 11 0 blue
3.26886 9.36921 1.33592 0.04
3.42071 9.23905 1.33578 0.04
3.61464 9.19059 1.34237 0.04
3.79962 9.13593 1.39521 0.04
3.99218 9.08738 1.37142 0.04
4.18516 9.07958 1.42337 0.04
4.37849 9.07839 1.47456 0.04
4.57257 9.07564 1.52276 0.04
4.74066 9.10466 1.62719 0.04
4.92633 9.11101 1.70127 0.04
5.11589 9.136 1.75994 0.04
31 18 0 blue
3.38156 9.48977 1.44889 0.04
3.53872 9.54231 1.33691 0.04
3.68186 9.67804 1.30393 0.04
3.82079 9.81501 1.34796 0.04
3.95787 9.9597 1.36455 0.04
4.10032 10.0962 1.39735 0.04
4.2263 10.2396 1.45698 0.04
4.3408 10.4025 1.4757 0.04
4.46264 10.556 1.51567 0.04
4.54435 10.7383 1.52532 0.04
4.57784 10.9265 1.58406 0.04
4.6298 11.1123 1.63688 0.04
4.68176 11.298 1.68993 0.04
4.73024 11.4879 1.7297 0.04
4.7769 11.6797 1.76221 0.04
4.82374 11.871 1.79669 0.04
4.8614 12.0674 1.79981 0.04
4.89867 12.2639 1.80365 0.04
32 7 0 blue
3.88117 10.5992 2.12345 0.04
4.0368 10.6436 2.00598 0.04
4.18752 10.758 1.9411 0.04
4.26932 10.9364 1.97976 0.04
4.33151 11.1236 2.01226 0.04
4.41806 11.3039 2.01774 0.04
4.50461 11.4841 2.02322 0.04
33 10 0 blue
-1.67761 5.33375 -2.2401 0.04
-1.76988 5.21958 -2.37594 0.04
-1.8192 5.21501 -2.56971 0.04
-1.86138 5.22875 -2.76472 0.04
-1.89568 5.25118 -2.96048 0.04
-1.9322 5.26725 -3.15646 0.04
-1.96867 5.288 -3.35201 0.04
-2.00684 5.31601 -3.54632 0.04
-2.03081 5.34596 -3.74261 0.04
-2.01258 5.33438 -3.94144 0.04
34 32 3 blue
89 9
90 13
91 15
-2.35904 6.23152 -2.63366 0.132665
-2.40597 6.15622 -2.8129 0.132665
-2.47501 6.16913 -3.00016 0.132665
-2.55096 6.26538 -3.15817 0.132665
-2.65237 6.35627 -3.30464 0.132665
-2.76556 6.44279 -3.44502 0.132665
-2.85471 6.55467 -3.58478 0.132665
-2.92814 6.6675 -3.73269 0.132665
-3.01542 6.76646 -3.88299 0.132665
-3.10494 6.85792 -4.03668 0.126491
-3.19226 6.94284 -4.19531 0.126491
-3.26815 7.03211 -4.3574 0.126491
-3.32356 7.12052 -4.52802 0.126491
-3.36855 7.20959 -4.70135 0.113137
-3.41713 7.30108 -4.87244 0.113137
-3.47295 7.38686 -5.04427 0.10583
-3.54815 7.46391 -5.21281 0.10583
-3.62424 7.5585 -5.37176 0.0979796
-3.70445 7.62868 -5.541 0.0979796
-3.81367 7.6787 -5.7009 0.0894427
-3.92935 7.74639 -5.84934 0.0894427
-4.04338 7.80284 -6.00365 0.08
-4.18989 7.82518 -6.13795 0.08
-4.34367 7.82646 -6.26581 0.08
-4.49472 7.81973 -6.39673 0.08
-4.63327 7.83413 -6.54025 0.069282
-4.77824 7.86313 -6.67493 0.069282
-4.91409 7.88116 -6.82061 0.0565685
-5.00516 7.92576 -6.993 0.04
-4.89016 7.99273 -7.14229 0.04
-4.75846 8.121 -7.22106 0.04
-4.58913 8.20208 -7.29001 0.04
35 33 1 blue
92 15
-2.46978 6.38263 -2.70367 0.10583
-2.52407 6.45776 -2.52645 0.10583
-2.59425 6.60601 -2.412 0.10583
-2.67005 6.77167 -2.32948 0.10583
-2.74367 6.94511 -2.26241 0.10583
-2.83199 7.11961 -2.22059 0.10583
-2.93117 7.28266 -2.16078 0.0979796
-3.02344 7.45289 -2.11068 0.0979796
-3.13624 7.61684 -2.0908 0.0894427
-3.24472 7.78389 -2.07271 0.0894427
-3.35193 7.9527 -2.06977 0.0894427
-3.48058 8.10495 -2.08615 0.0894427
-3.60599 8.26012 -2.10012 0.0894427
-3.73367 8.41196 -2.1255 0.08
-3.86651 8.55494 -2.16919 0.08
-4.00714 8.68638 -2.22349 0.069282
-4.15011 8.82022 -2.26405 0.069282
-4.28205 8.97009 -2.27546 0.069282
-4.40953 9.12382 -2.2647 0.069282
-4.53947 9.2742 -2.24229 0.069282
-4.6826 9.41303 -2.22682 0.069282
-4.82578 9.55245 -2.2189 0.069282
-4.96488 9.69561 -2.20647 0.069282
-5.10226 9.84091 -2.20251 0.069282
-5.24086 9.98483 -2.19365 0.069282
-5.37687 10.1313 -2.18648 0.069282
-5.50982 10.2807 -2.18876 0.069282
-5.6294 10.44 -2.20661 0.0565685
-5.76971 10.5812 -2.22565 0.0565685
-5.91766 10.7077 -2.27175 0.04
-6.01085 10.8317 -2.39794 0.04
-6.08297 10.9191 -2.56276 0.04
-6.16073 11.0924 -2.62539 0.04
36 22 0 blue
-3.40935 7.59606 -3.88396 0.08
-3.38013 7.47871 -4.04325 0.069282
-3.30672 7.57615 -4.20174 0.069282
-3.29179 7.65816 -4.38354 0.069282
-3.28133 7.76331 -4.55334 0.0565685
-3.24558 7.86643 -4.72094 0.0565685
-3.36981 7.96255 -4.84475 0.0565685
-3.49331 8.0205 -4.991 0.0565685
-3.59785 8.11562 -5.1325 0.0565685
-3.69804 8.2235 -5.26787 0.0565685
-3.77968 8.35755 -5.39183 0.0565685
-3.85727 8.49362 -5.51619 0.0565685
-3.93954 8.63045 -5.63664 0.0565685
-3.98536 8.76266 -5.77953 0.0565685
-4.01768 8.89502 -5.92595 0.0565685
-4.0435 9.03527 -6.06618 0.04
-4.08048 9.17396 -6.20545 0.04
-4.07559 9.30823 -6.3536 0.04
-4.03173 9.42981 -6.50622 0.04
-3.96186 9.55594 -6.64482 0.04
-3.91039 9.66512 -6.80429 0.04
-3.78728 9.71104 -6.95507 0.04
37 13 1 blue
93 4
-3.61421 7.82967 -4.13526 0.0565685
-3.74739 7.86328 -3.98989 0.0565685
-3.84124 8.01439 -3.89847 0.0565685
-3.99057 8.14025 -3.85531 0.0565685
-4.14621 8.26417 -3.83483 0.04
-4.29067 8.4022 -3.84364 0.04
-4.44369 8.53015 -3.85826 0.04
-4.60773 8.62602 -3.7958 0.04
-4.7336 8.77807 -3.76356 0.04
-4.81374 8.96049 -3.78092 0.04
-4.89396 9.14292 -3.79771 0.04
-4.97431 9.32538 -3.81355 0.04
-5.05944 9.50463 -3.78861 0.04
38 19 0 blue
-3.85012 8.07476 -4.34564 0.0565685
-3.81767 8.24196 -4.24078 0.0565685
-3.77553 8.43134 -4.28933 0.04
-3.83088 8.62099 -4.32047 0.04
-3.9886 8.72654 -4.25736 0.04
-4.12163 8.86798 -4.30531 0.04
-4.25259 9.01741 -4.3281 0.04
-4.38788 9.1647 -4.32815 0.04
-4.52554 9.30953 -4.31946 0.04
-4.66283 9.45496 -4.32098 0.04
-4.79933 9.60114 -4.32038 0.04
-4.93351 9.74912 -4.33014 0.04
-5.06349 9.89702 -4.36522 0.04
-5.18261 10.0477 -4.421 0.04
-5.30122 10.1928 -4.49074 0.04
-5.41804 10.3439 -4.55011 0.04
-5.53748 10.484 -4.62821 0.04
-5.65335 10.6271 -4.70642 0.04
-5.76883 10.7684 -4.78829 0.04
39 17 0 blue
-4.52128 8.74205 -5.07476 0.04
-4.67397 8.62394 -5.12707 0.04
-4.87188 8.64273 -5.1052 0.04
-5.04964 8.71727 -5.05188 0.04
-5.23492 8.78285 -5.01484 0.04
-5.42628 8.83453 -4.9882 0.04
-5.62548 8.8455 -4.97404 0.04
-5.82318 8.87543 -4.96958 0.04
-6.01787 8.91951 -4.98185 0.04
-6.20914 8.96875 -5.01335 0.04
-6.39766 9.02336 -5.0518 0.04
-6.57949 9.08965 -5.10222 0.04
-6.74985 9.15522 -5.18394 0.04
-6.91547 9.21461 -5.27903 0.04
-7.07376 9.26942 -5.38831 0.04
-7.23204 9.32422 -5.49759 0.04
-7.39033 9.37903 -5.60687 0.04
40 40 8 blue
94 4
95 21
96 22
97 23
98 24
99 25
100 26
101 30
1.63749 6.44383 -1.62999 0.191833
1.48954 6.57093 -1.67421 0.191833
1.43148 6.74074 -1.76251 0.191833
1.33578 6.8969 -1.84284 0.191833
1.2913 7.08668 -1.88761 0.187617
1.25862 7.27539 -1.94523 0.187617
1.25757 7.46932 -1.99411 0.187617
1.24511 7.66753 -2.0178 0.183303
1.26839 7.86607 -2.02392 0.183303
1.30256 8.06091 -1.99441 0.178885
1.34816 8.25564 -1.99492 0.178885
1.39702 8.4487 -2.01338 0.178885
1.44399 8.64205 -2.03359 0.174356
1.48753 8.83539 -2.0605 0.169706
1.52776 9.02663 -2.10302 0.169706
1.56536 9.21906 -2.14252 0.164924
1.6031 9.41218 -2.17828 0.164924
1.61788 9.60428 -2.23196 0.16
1.63305 9.79413 -2.29299 0.16
1.64726 9.98255 -2.35853 0.16
1.66869 10.1668 -2.43334 0.16
1.69624 10.3501 -2.50843 0.149666
1.73477 10.5293 -2.58849 0.144222
1.78567 10.7056 -2.66795 0.113137
1.84098 10.8734 -2.76169 0.0979796
1.90466 11.0336 -2.86303 0.0894427
1.9688 11.2074 -2.93855 0.08
2.02245 11.3938 -2.98727 0.08
2.02887 11.5871 -3.03798 0.08
1.948 11.7678 -3.06666 0.08
1.84667 11.9354 -3.10724 0.0565685
1.74911 12.102 -3.1593 0.0565685
1.7044 12.2859 -3.22402 0.0565685
1.718 12.4543 -3.33109 0.0565685
1.73653 12.5857 -3.48069 0.0565685
1.74919 12.7274 -3.62135 0.04
1.76837 12.8496 -3.77851 0.04
1.81942 12.9436 -3.94745 0.04
1.90775 13.0255 -4.10713 0.04
2.06013 13.0655 -4.23034 0.04
41 32 6 blue
102 5
103 9
104 13
105 15
106 16
107 23
1.7514 6.60324 -1.67017 0.2
1.81677 6.63801 -1.48439 0.2
1.90786 6.77198 -1.3671 0.2
2.06668 6.85628 -1.27953 0.2
2.231 6.93924 -1.20131 0.2
2.39078 7.04179 -1.13842 0.187617
2.55851 7.13283 -1.07861 0.187617
2.72307 7.21453 -0.999576 0.187617
2.88427 7.28856 -0.907201 0.187617
3.04443 7.36816 -0.817687 0.174356
3.19847 7.44732 -0.717662 0.174356
3.35146 7.52867 -0.617786 0.174356
3.49072 7.61909 -0.506289 0.169706
3.62114 7.715 -0.388855 0.164924
3.75279 7.81359 -0.27506 0.164924
3.91159 7.90358 -0.193305 0.154919
4.07705 7.98075 -0.111653 0.144222
4.23892 8.05303 -0.0190483 0.12
4.40187 8.12935 0.0682546 0.12
4.5639 8.19125 0.167827 0.12
4.717 8.24905 0.282797 0.113137
4.86822 8.30336 0.401895 0.10583
5.01928 8.36566 0.517211 0.10583
5.16865 8.44905 0.620829 0.0894427
5.31026 8.5444 0.725019 0.08
5.43939 8.64112 0.843215 0.069282
5.57193 8.74051 0.955264 0.0565685
5.71431 8.83955 1.05486 0.0565685
5.85271 8.95488 1.14172 0.04
5.93699 9.05944 1.28992 0.04
5.95638 8.93565 1.4458 0.04
5.90569 8.79386 1.57743 0.04
42 31 5 blue
108 10
109 11
110 14
111 18
112 20
1.87917 6.75215 -1.70891 0.169706
2.01274 6.62242 -1.78193 0.169706
2.1877 6.57097 -1.86404 0.169706
2.36159 6.55678 -1.96182 0.169706
2.53407 6.56195 -2.06294 0.169706
2.70883 6.56409 -2.16016 0.169706
2.88364 6.55975 -2.25724 0.164924
3.06467 6.56021 -2.34225 0.164924
3.25178 6.56008 -2.41288 0.164924
3.44266 6.57051 -2.47169 0.164924
3.63408 6.59058 -2.52604 0.144222
3.82915 6.6065 -2.56719 0.132665
4.02595 6.62934 -2.59455 0.132665
4.22277 6.65709 -2.61678 0.126491
4.42007 6.68967 -2.62021 0.12
4.61269 6.74115 -2.63583 0.12
4.80457 6.79531 -2.65164 0.0979796
4.99222 6.86298 -2.66605 0.0979796
5.17284 6.94527 -2.69064 0.08
5.34216 7.04129 -2.73659 0.08
5.49764 7.14363 -2.80974 0.0565685
5.6472 7.23783 -2.90334 0.0565685
5.7918 7.34841 -2.98617 0.0565685
5.91929 7.46411 -3.08796 0.0565685
6.05698 7.56945 -3.18769 0.0565685
6.20574 7.67577 -3.26872 0.04
6.37101 7.78489 -3.29659 0.04
6.5148 7.92177 -3.27235 0.04
6.65842 8.06015 -3.2573 0.04
6.7948 8.1467 -3.13936 0.04
6.96249 8.21423 -3.05381 0.04
43 30 2 blue
113 12
114 18
2.25737 7.16994 -1.8978 0.16
2.36973 7.24902 -1.75248 0.16
2.52476 7.34105 -1.66588 0.16
2.68575 7.4488 -1.61615 0.16
2.85958 7.54664 -1.60167 0.154919
3.03157 7.64862 -1.60618 0.149666
3.20784 7.74309 -1.60787 0.149666
3.39604 7.80712 -1.58594 0.149666
3.58412 7.8726 -1.56755 0.149666
3.77186 7.93984 -1.55232 0.149666
3.96222 7.99494 -1.52539 0.149666
4.1552 8.03406 -1.49034 0.138564
4.34548 8.04507 -1.42974 0.132665
4.5314 8.0092 -1.36533 0.132665
4.72581 7.99231 -1.32154 0.132665
4.92371 7.98255 -1.29427 0.132665
5.12066 7.98054 -1.25957 0.12
5.31863 7.98985 -1.2327 0.113137
5.51632 8.0146 -1.2152 0.10583
5.70936 8.06009 -1.18943 0.0979796
5.8918 8.12989 -1.1465 0.0894427
6.05312 8.19076 -1.04515 0.08
6.18831 8.25666 -0.913307 0.069282
6.29427 8.32709 -0.758997 0.0565685
6.4101 8.39756 -0.611973 0.04
6.53077 8.47695 -0.473632 0.04
6.62811 8.58578 -0.336951 0.04
6.76261 8.65319 -0.205177 0.04
6.85312 8.82826 -0.171148 0.04
6.95075 8.96784 -0.275966 0.04
44 30 0 blue
2.32935 7.47606 -2.13984 0.0565685
2.2419 7.38132 -2.29274 0.0565685
2.22448 7.35013 -2.48952 0.0565685
2.25203 7.38817 -2.68393 0.0565685
2.33437 7.4814 -2.84054 0.0565685
2.39994 7.57848 -3.00264 0.0565685
2.50502 7.65445 -3.15491 0.0565685
2.61662 7.72838 -3.30351 0.0565685
2.73642 7.81309 -3.43941 0.0565685
2.87771 7.86008 -3.57294 0.0565685
3.01273 7.93453 -3.70033 0.0565685
3.13325 8.03515 -3.82423 0.0565685
3.26654 8.13138 -3.93812 0.0565685
3.41163 8.20633 -4.05358 0.0565685
3.54248 8.29699 -4.17466 0.0565685
3.66372 8.40853 -4.28805 0.0565685
3.77794 8.49477 -4.42776 0.0565685
3.88044 8.5877 -4.57218 0.0565685
3.98868 8.70801 -4.6897 0.0565685
4.06816 8.81783 -4.83675 0.0565685
4.13682 8.93144 -4.98634 0.0565685
4.22028 9.04138 -5.13108 0.0565685
4.31212 9.14309 -5.27674 0.0565685
4.39708 9.24483 -5.42652 0.0565685
4.48183 9.34325 -5.5786 0.0565685
4.56263 9.44068 -5.73345 0.04
4.62386 9.5549 -5.88579 0.04
4.73637 9.65046 -6.02072 0.04
4.80312 9.78226 -6.15553 0.04
4.61825 9.82847 -6.21626 0.04
45 24 0 blue
2.35565 7.7765 -2.40251 0.0979796
2.54563 7.81442 -2.35283 0.0979796
2.65252 7.95362 -2.25691 0.0979796
2.78986 8.0908 -2.20875 0.0979796
2.90177 8.25548 -2.22755 0.0979796
3.02634 8.40232 -2.28161 0.0894427
3.17738 8.52233 -2.33437 0.0894427
3.36959 8.55118 -2.38149 0.0894427
3.56867 8.56665 -2.39291 0.0894427
3.76736 8.58868 -2.39898 0.08
3.96393 8.5691 -2.43024 0.08
4.15769 8.54168 -2.47152 0.08
4.35195 8.52726 -2.51684 0.08
4.51014 8.54687 -2.63764 0.08
4.67822 8.57109 -2.7433 0.08
4.84409 8.60744 -2.84896 0.08
5.00714 8.6544 -2.95484 0.08
5.16958 8.70555 -3.05971 0.08
5.34723 8.75127 -3.13938 0.069282
5.53589 8.81447 -3.15974 0.069282
5.70096 8.92717 -3.15253 0.0565685
5.88086 9.00048 -3.10498 0.04
6.0712 9.05908 -3.08668 0.04
6.0646 9.22297 -3.20111 0.04
46 21 2 blue
115 15
116 16
2.90318 8.57783 -3.3288 0.069282
2.87959 8.76857 -3.27347 0.069282
2.8948 8.95883 -3.33323 0.069282
2.99036 9.12459 -3.39145 0.069282
3.07657 9.2911 -3.46104 0.069282
3.19123 9.44304 -3.52242 0.069282
3.33708 9.57319 -3.56472 0.069282
3.49512 9.6927 -3.59194 0.069282
3.64314 9.82715 -3.58831 0.069282
3.79463 9.95756 -3.59495 0.069282
3.89924 10.1177 -3.53652 0.069282
3.96045 10.2876 -3.45061 0.069282
3.965 10.4573 -3.34493 0.069282
3.94327 10.6239 -3.23633 0.069282
3.92823 10.7868 -3.12136 0.069282
3.9131 10.9513 -3.00857 0.0565685
3.88004 11.1057 -2.88574 0.04
3.82463 11.1544 -2.69985 0.04
3.67164 11.1224 -2.57507 0.04
3.59807 10.944 -2.62784 0.04
3.68158 10.7656 -2.59326 0.04
47 12 0 blue
3.51685 8.88669 -3.7354 0.04
3.61905 8.73152 -3.80941 0.04
3.80238 8.66583 -3.76388 0.04
3.9999 8.644 -3.74131 0.04
4.19769 8.65547 -3.76863 0.04
4.39003 8.69645 -3.80505 0.04
4.57186 8.77848 -3.81951 0.04
4.7356 8.89262 -3.80679 0.04
4.87811 9.02543 -3.76147 0.04
5.02726 9.15036 -3.71516 0.04
5.19104 9.24536 -3.65073 0.04
5.33059 9.37479 -3.58929 0.04
48 22 0 blue
3.67372 8.969 -3.82822 0.04
3.75361 9.05794 -3.66788 0.04
3.88429 9.18153 -3.58044 0.04
4.03751 9.29687 -3.52366 0.04
4.19125 9.42104 -3.49293 0.04
4.32746 9.56441 -3.46303 0.04
4.45894 9.70855 -3.41904 0.04
4.56463 9.87806 -3.40926 0.04
4.68037 10.0398 -3.43055 0.04
4.80664 10.1947 -3.43791 0.04
4.94113 10.3424 -3.44807 0.04
5.0761 10.489 -3.46515 0.04
5.20447 10.6383 -3.50009 0.04
5.35131 10.7739 -3.50717 0.04
5.49312 10.9126 -3.53263 0.04
5.62369 11.0567 -3.57938 0.04
5.77162 11.179 -3.63565 0.04
5.90809 11.313 -3.69418 0.04
6.05598 11.4276 -3.76483 0.04
6.14569 11.6057 -3.77979 0.04
6.25834 11.6559 -3.93726 0.04
6.37099 11.706 -4.09473 0.04
49 10 0 blue
3.82542 9.06732 -3.91378 0.04
3.7397 9.08209 -4.09387 0.04
3.67209 9.14843 -4.27002 0.04
3.67636 9.2192 -4.45704 0.04
3.6999 9.29895 -4.63893 0.04
3.73245 9.39381 -4.81197 0.04
3.74368 9.48016 -4.99202 0.04
3.73872 9.48321 -5.19193 0.04
3.75858 9.48179 -5.39094 0.04
3.79755 9.47028 -5.58677 0.04
50 19 0 blue
4.10975 9.26264 -4.11541 0.0565685
4.14278 9.41796 -3.99381 0.0565685
4.24948 9.5871 -3.99114 0.0565685
4.28036 9.74436 -4.11078 0.0565685
4.32571 9.90469 -4.22141 0.0565685
4.39247 10.0616 -4.32597 0.0565685
4.42594 10.2076 -4.4585 0.0565685
4.47508 10.3573 -4.58159 0.0565685
4.55768 10.503 -4.69097 0.0565685
4.61386 10.6767 -4.77261 0.0565685
4.59925 10.8665 -4.8339 0.0565685
4.56559 11.0545 -4.89328 0.0565685
4.50094 11.2415 -4.9229 0.0565685
4.43696 11.4291 -4.94915 0.0565685
4.35528 11.6116 -4.95574 0.0565685
4.24843 11.7778 -4.92479 0.0565685
4.19743 11.9617 -4.8651 0.04
4.10822 12.1324 -4.81115 0.04
4.14674 12.2738 -4.94718 0.04
51 15 0 blue
4.24002 9.35966 -4.2321 0.04
4.14129 9.37253 -4.40556 0.04
4.15041 9.47796 -4.57527 0.04
4.13966 9.62113 -4.71451 0.04
4.14791 9.8086 -4.78371 0.04
4.1756 9.99221 -4.858 0.04
4.21967 10.1654 -4.94781 0.04
4.27611 10.332 -5.04303 0.04
4.33605 10.497 -5.13873 0.04
4.32985 10.6847 -5.2075 0.04
4.33009 10.8703 -5.28209 0.04
4.24961 11.0531 -5.27178 0.04
4.16913 11.2359 -5.26147 0.04
4.08865 11.4187 -5.25116 0.04
4.00817 11.6015 -5.24085 0.04
52 6 0 blue
4.37617 9.44567 -4.35071 0.04
4.47772 9.27404 -4.36597 0.04
4.66233 9.26357 -4.28975 0.04
4.85749 9.27328 -4.33238 0.04
5.04852 9.2386 -4.38038 0.04
5.24785 9.2342 -4.36456 0.04
53 6 0 blue
4.64493 9.64693 -4.56717 0.04
4.76792 9.69974 -4.41856 0.04
4.96648 9.70065 -4.3946 0.04
5.16262 9.72778 -4.42272 0.04
5.35019 9.77608 -4.47256 0.04
5.54135 9.83486 -4.47501 0.04
54 7 0 blue
4.77414 9.75785 -4.67206 0.0565685
4.84584 9.61654 -4.79409 0.0565685
4.96902 9.56826 -4.94407 0.0565685
5.13246 9.5578 -5.05888 0.0565685
5.26682 9.57549 -5.20596 0.0565685
5.41664 9.60534 -5.33504 0.04
5.61248 9.59941 -5.29491 0.04
55 13 0 blue
-0.15516 6.44393 -3.45108 0.069282
0.0347397 6.47175 -3.50733 0.069282
0.195417 6.53312 -3.6094 0.069282
0.271746 6.65334 -3.74983 0.069282
0.251117 6.77906 -3.904 0.0565685
0.239839 6.968 -3.96862 0.0565685
0.186272 7.13996 -4.05557 0.0565685
0.10881 7.3243 -4.05965 0.04
0.0893962 7.46722 -4.1982 0.04
0.0312088 7.48394 -4.38882 0.04
-0.0816053 7.52093 -4.54977 0.04
-0.160051 7.3372 -4.55919 0.04
-0.325243 7.22756 -4.53293 0.04
56 7 0 blue
-0.187963 6.60066 -3.57092 0.04
-0.285835 6.4962 -3.71059 0.04
-0.294962 6.48726 -3.91019 0.04
-0.311505 6.49976 -4.10911 0.04
-0.396571 6.51317 -4.28962 0.04
-0.300374 6.46469 -4.45813 0.04
-0.184935 6.40032 -4.60823 0.04
57 11 0 blue
-0.237946 6.75292 -3.69058 0.04
-0.256529 6.88796 -3.54422 0.04
-0.30004 7.01706 -3.3978 0.04
-0.37053 7.18868 -3.32311 0.04
-0.44803 7.37014 -3.2905 0.04
-0.53187 7.54805 -3.25419 0.04
-0.611085 7.72898 -3.22269 0.04
-0.725831 7.86863 -3.13707 0.04
-0.797537 8.044 -3.07303 0.04
-0.90785 8.1544 -2.94795 0.04
-1.01756 8.26547 -2.82295 0.04
58 35 1 blue
117 21
-0.359103 7.0804 -3.88328 0.0979796
-0.526054 7.00606 -3.96453 0.0979796
-0.690982 7.00704 -4.07765 0.0979796
-0.843778 7.02587 -4.20532 0.0979796
-1.01595 7.04529 -4.30522 0.0979796
-1.18433 7.07934 -4.40763 0.0979796
-1.347 7.12021 -4.51658 0.0979796
-1.51119 7.16142 -4.62308 0.0979796
-1.64685 7.19445 -4.76628 0.0979796
-1.79021 7.22894 -4.9014 0.0979796
-1.91341 7.28315 -5.04932 0.0979796
-2.03727 7.34292 -5.19454 0.0979796
-2.15439 7.40389 -5.34475 0.0979796
-2.23586 7.46301 -5.51758 0.0979796
-2.28791 7.5166 -5.7031 0.0979796
-2.27617 7.56925 -5.89569 0.0979796
-2.22002 7.59481 -6.08594 0.0979796
-2.15707 7.61167 -6.27502 0.0979796
-2.09419 7.62971 -6.46402 0.0979796
-2.05928 7.67738 -6.65509 0.0979796
-2.04558 7.77923 -6.82667 0.0894427
-2.03426 7.88255 -6.99754 0.0565685
-2.05682 7.99725 -7.15983 0.0565685
-2.08576 8.1275 -7.30881 0.0565685
-2.1099 8.27803 -7.43827 0.0565685
-2.13984 8.44119 -7.54999 0.0565685
-2.15507 8.62101 -7.6362 0.0565685
-2.18857 8.77522 -7.75907 0.0565685
-2.21937 8.92387 -7.88927 0.0565685
-2.25226 9.04801 -8.0426 0.04
-2.30367 9.142 -8.21148 0.04
-2.33349 9.18287 -8.40498 0.04
-2.24719 9.0945 -8.56228 0.04
-2.11836 9.00312 -8.68496 0.04
-1.99717 8.90094 -8.80691 0.04
59 25 1 blue
118 14
-0.31272 7.96237 -4.30988 0.0894427
-0.112755 7.95896 -4.31143 0.0894427
-0.0197749 7.97433 -4.48783 0.0894427
0.0358918 8.06651 -4.65637 0.0894427
0.0915585 8.15869 -4.8249 0.0894427
0.111947 8.28014 -4.9825 0.0894427
0.118431 8.40719 -5.13682 0.0894427
0.147026 8.51332 -5.3039 0.0894427
0.18317 8.61214 -5.47399 0.0894427
0.233446 8.69327 -5.64975 0.0894427
0.290163 8.76818 -5.8263 0.0894427
0.344063 8.84858 -6.00132 0.0894427
0.374933 8.94062 -6.17617 0.0894427
0.394685 9.03721 -6.35019 0.0894427
0.418399 9.13658 -6.52213 0.08
0.444479 9.22889 -6.69763 0.08
0.445087 9.32867 -6.87095 0.069282
0.440968 9.42429 -7.04657 0.069282
0.455152 9.50514 -7.22895 0.0565685
0.528446 9.53736 -7.41222 0.04
0.632922 9.52267 -7.58213 0.04
0.696818 9.46719 -7.76335 0.04
0.70111 9.41533 -7.95646 0.04
0.708297 9.36444 -8.14974 0.04
0.8849 9.3134 -8.22852 0.04
60 21 2 blue
119 10
120 15
-0.32054 8.13309 -4.41377 0.0979796
-0.301381 8.05192 -4.59555 0.0979796
-0.17845 8.06603 -4.75268 0.0979796
-0.137607 8.16853 -4.91949 0.0979796
-0.170641 8.27246 -5.08714 0.0979796
-0.207111 8.3657 -5.26028 0.0979796
-0.246222 8.4617 -5.43132 0.0979796
-0.279057 8.55478 -5.60527 0.0979796
-0.323986 8.64076 -5.78016 0.0979796
-0.371423 8.72561 -5.95495 0.0979796
-0.416594 8.81324 -6.12896 0.069282
-0.465743 8.89351 -6.30544 0.069282
-0.506301 8.98791 -6.47703 0.0565685
-0.568154 9.09093 -6.6369 0.0565685
-0.626292 9.19685 -6.79628 0.0565685
-0.700235 9.30253 -6.94913 0.04
-0.759779 9.40688 -7.10902 0.04
-0.852539 9.4847 -7.26821 0.04
-0.953101 9.50847 -7.43945 0.04
-1.11285 9.39805 -7.48727 0.04
-1.28726 9.31582 -7.54037 0.04
61 21 0 blue
-0.344454 8.29614 -4.5271 0.0565685
-0.463244 8.37968 -4.38958 0.0565685
-0.496509 8.49527 -4.22979 0.0565685
-0.509347 8.59862 -4.05905 0.04
-0.538249 8.79652 -4.05947 0.04
-0.545944 8.9936 -4.09264 0.04
-0.570854 9.19198 -4.08776 0.04
-0.611434 9.38774 -4.08194 0.04
-0.642356 9.58526 -4.07662 0.04
-0.69422 9.77836 -4.08134 0.04
-0.79806 9.94059 -4.1352 0.04
-0.910606 10.1025 -4.10185 0.04
-0.980652 10.284 -4.1483 0.04
-1.03627 10.4629 -4.21842 0.04
-1.08131 10.6363 -4.30725 0.04
-1.13697 10.8076 -4.39418 0.04
-1.17301 11.0007 -4.43173 0.04
-1.08396 11.1798 -4.43266 0.04
-0.986476 11.3527 -4.45742 0.04
-0.912068 11.536 -4.48651 0.04
-0.815208 11.7094 -4.50975 0.04
62 12 1 blue
121 4
-0.844994 10.4899 -5.11233 0.069282
-0.750832 10.5031 -5.28828 0.069282
-0.706674 10.5532 -5.47679 0.069282
-0.649801 10.608 -5.66055 0.069282
-0.613497 10.6916 -5.83856 0.0565685
-0.61402 10.8102 -5.99958 0.0565685
-0.646374 10.9656 -6.12127 0.0565685
-0.683619 11.1421 -6.20778 0.04
-0.718652 11.3369 -6.2361 0.04
-0.771793 11.5282 -6.26005 0.04
-0.793897 11.7229 -6.30015 0.04
-0.879675 11.9008 -6.33174 0.04
63 7 0 blue
-1.06928 11.0411 -5.15529 0.069282
-1.19321 10.9892 -5.30345 0.0565685
-1.32467 11.0131 -5.45228 0.04
-1.46742 11.0627 -5.58328 0.04
-1.65877 11.0588 -5.64133 0.04
-1.84823 11.0534 -5.70518 0.04
-1.96137 11.0461 -5.86994 0.04
64 20 0 blue
-2.06323 9.27983 0.116612 0.0979796
-1.89152 9.38225 0.111515 0.0979796
-1.83488 9.5563 0.192136 0.0979796
-1.80181 9.71299 0.311946 0.0979796
-1.77506 9.84675 0.458206 0.0979796
-1.74468 10.0159 0.560588 0.0979796
-1.73752 10.1682 0.68993 0.0979796
-1.74932 10.3272 0.810697 0.0979796
-1.75973 10.4835 0.935033 0.0979796
-1.77186 10.6325 1.06789 0.0979796
-1.77295 10.7725 1.21079 0.0979796
-1.77625 10.911 1.35503 0.0979796
-1.76072 11.0484 1.49953 0.0979796
-1.73011 11.1805 1.64652 0.0979796
-1.69618 11.3105 1.79468 0.069282
-1.64457 11.4333 1.94387 0.0565685
-1.54347 11.53 2.08679 0.0565685
-1.43845 11.5968 2.24333 0.04
-1.28597 11.6935 2.32935 0.04
-1.1066 11.7227 2.41286 0.04
65 11 0 blue
-2.20425 9.59597 0.316371 0.069282
-2.38332 9.52316 0.367684 0.069282
-2.51046 9.54042 0.521104 0.0565685
-2.56447 9.50539 0.710461 0.04
-2.51569 9.44605 0.895118 0.04
-2.44131 9.35434 1.05654 0.04
-2.36662 9.2625 1.21775 0.04
-2.29114 9.17048 1.37848 0.04
-2.2143 9.0765 1.53742 0.04
-2.02826 9.02426 1.58901 0.04
-1.88951 9.05873 1.72886 0.04
66 17 0 blue
-2.34193 9.91747 0.51033 0.04
-2.43542 10.0165 0.363858 0.04
-2.62168 10.0395 0.432984 0.04
-2.79314 10.0675 0.532052 0.04
-2.94931 10.1224 0.644309 0.04
-3.11921 10.2032 0.712156 0.04
-3.26169 10.3039 0.809926 0.04
-3.3816 10.4087 0.930896 0.04
-3.50475 10.5306 1.03083 0.04
-3.64111 10.6316 1.13671 0.04
-3.78143 10.7422 1.22659 0.04
-3.91203 10.8752 1.29897 0.04
-4.0574 10.9946 1.3669 0.04
-4.20807 11.1156 1.41839 0.04
-4.35923 11.2419 1.45296 0.04
-4.50033 11.3702 1.51341 0.04
-4.62286 11.4677 1.63779 0.04
67 15 0 blue
-2.5217 10.3793 0.845806 0.069282
-2.58826 10.5102 0.71006 0.069282
-2.69029 10.6642 0.633391 0.069282
-2.79449 10.8341 0.649815 0.069282
-2.88957 10.9955 0.719967 0.069282
-3.01634 11.143 0.766658 0.069282
-3.10156 11.2857 0.877841 0.069282
-3.15389 11.4529 0.974254 0.069282
-3.18826 11.6444 1.02057 0.0565685
-3.20212 11.8405 1.05765 0.0565685
-3.21597 12.0394 1.07376 0.0565685
-3.22571 12.2385 1.08957 0.0565685
-3.22996 12.4378 1.10537 0.04
-3.38474 12.5574 1.14704 0.04
-3.58345 12.5632 1.16894 0.04
68 10 0 blue
-2.60828 10.5136 0.966126 0.04
-2.48591 10.6717 0.961398 0.04
-2.43468 10.8575 1.0146 0.04
-2.39902 10.9244 1.19969 0.04
-2.3721 11.0885 1.3109 0.04
-2.39487 11.259 1.41286 0.04
-2.41616 11.4291 1.51584 0.04
-2.41549 11.5937 1.62945 0.04
-2.40637 11.76 1.74025 0.04
-2.52725 11.9125 1.78629 0.04
69 6 0 blue
-2.81887 10.7278 1.22933 0.04
-2.69184 10.7103 1.38281 0.04
-2.68733 10.637 1.56887 0.04
-2.70296 10.6372 1.76826 0.04
-2.72923 10.6641 1.9647 0.04
-2.73909 10.6614 2.16444 0.04
70 18 0 blue
-2.35709 10.3504 -2.55973 0.0565685
-2.27708 10.4603 -2.41302 0.0565685
-2.29076 10.6467 -2.34169 0.0565685
-2.36418 10.8308 -2.3151 0.0565685
-2.4755 10.9963 -2.30055 0.0565685
-2.50215 11.1758 -2.38466 0.0565685
-2.53994 11.358 -2.45791 0.0565685
-2.60951 11.5414 -2.49709 0.0565685
-2.68776 11.7177 -2.54995 0.0565685
-2.7823 11.8856 -2.60364 0.0565685
-2.88096 12.052 -2.65419 0.0565685
-2.98027 12.2191 -2.7015 0.0565685
-3.09608 12.3776 -2.73957 0.0565685
-3.21134 12.5344 -2.78561 0.0565685
-3.31301 12.6978 -2.84012 0.0565685
-3.43393 12.8461 -2.89833 0.04
-3.56172 12.9882 -2.95743 0.04
-3.60537 13.0588 -3.13936 0.04
71 6 0 blue
-0.154436 11.2058 -0.337614 0.04
-0.238222 11.2006 -0.156085 0.04
-0.268086 11.2227 0.0404317 0.04
-0.264751 11.3746 0.170486 0.04
-0.295952 11.4962 0.326146 0.04
-0.327154 11.6179 0.481806 0.04
72 8 0 blue
-0.180589 11.5917 -0.393345 0.04
-0.000389054 11.6695 -0.35479 0.04
0.166551 11.7796 -0.357675 0.04
0.293398 11.9279 -0.401223 0.04
0.423616 12.0751 -0.438381 0.04
0.489844 12.2196 -0.559742 0.04
0.556072 12.3641 -0.681104 0.04
0.6223 12.5087 -0.802465 0.04
73 6 0 blue
-3.02066 9.17697 -0.200887 0.04
-3.19934 9.09882 -0.245227 0.04
-3.37847 9.16928 -0.299538 0.04
-3.56318 9.21674 -0.359792 0.04
-3.7461 9.24549 -0.435371 0.04
-3.93244 9.30749 -0.473266 0.04
74 9 0 blue
-1.81768 12.1006 0.230424 0.04
-1.69823 12.2433 0.303674 0.04
-1.63398 12.4091 0.395154 0.04
-1.56125 12.5764 0.477256 0.04
-1.4612 12.7231 0.569178 0.04
-1.33582 12.8123 0.696961 0.04
-1.21285 12.8982 0.829283 0.04
-1.09197 13.0023 0.949862 0.04
-0.978506 13.0697 1.10015 0.04
75 23 0 springgreen
0.723666 8.31514 0.311586 0.04
0.89227 8.42063 0.332664 0.04
1.07106 8.50941 0.344918 0.04
1.19681 8.57245 0.4871 0.04
1.22997 8.71434 0.624088 0.04
1.26963 8.82115 0.78846 0.04
1.29651 8.80042 0.985557 0.04
1.24726 8.80302 1.17938 0.04
1.16457 8.90123 1.33273 0.04
1.20753 8.99975 1.5014 0.04
1.26934 9.13951 1.63043 0.04
1.32531 9.29193 1.74719 0.04
1.37638 9.40994 1.90038 0.04
1.42468 9.52848 2.05405 0.04
1.47637 9.64952 2.20464 0.04
1.51493 9.78216 2.34927 0.04
1.54607 9.91355 2.49681 0.04
1.58818 10.0381 2.6475 0.04
1.63155 10.1635 2.7972 0.04
1.66975 10.2513 2.97279 0.04
1.76828 10.3214 3.13207 0.04
1.86004 10.3752 3.30145 0.04
1.95502 10.4783 3.44407 0.04
76 30 0 springgreen
0.733963 8.50889 0.360119 0.069282
0.600193 8.60242 0.244546 0.069282
0.529251 8.76851 0.158636 0.069282
0.476602 8.9499 0.0928626 0.069282
0.489659 9.1426 0.0409165 0.069282
0.514788 9.33457 -0.00923981 0.069282
0.536628 9.52935 -0.0489967 0.069282
0.546924 9.72395 -0.0940195 0.069282
0.50941 9.91875 -0.119386 0.069282
0.477947 10.1161 -0.126988 0.069282
0.457451 10.3149 -0.118293 0.069282
0.44205 10.5141 -0.110193 0.069282
0.395821 10.7047 -0.0707045 0.069282
0.357039 10.8924 -0.0138821 0.069282
0.343263 11.0837 0.04298 0.069282
0.335442 11.2735 0.105621 0.069282
0.31106 11.4581 0.178599 0.069282
0.291096 11.6374 0.264795 0.0565685
0.276698 11.8198 0.345554 0.0565685
0.255685 11.9914 0.446159 0.0565685
0.213787 12.162 0.541729 0.0565685
0.189664 12.3443 0.620348 0.04
0.187792 12.5248 0.70662 0.04
0.149729 12.7081 0.776901 0.04
0.136533 12.89 0.859018 0.04
0.0838297 13.0665 0.937013 0.04
0.0174495 13.2367 1.01825 0.04
-0.0385454 13.4267 1.0463 0.04
-0.0982209 13.614 1.08281 0.04
-0.144073 13.8037 1.12659 0.04
77 16 0 springgreen
0.744899 8.88758 0.487425 0.0565685
0.549567 8.92865 0.500028 0.0565685
0.41124 8.88129 0.636493 0.0565685
0.261773 8.86974 0.768879 0.0565685
0.117345 8.86809 0.907218 0.0565685
-0.0346678 8.87909 1.03672 0.0565685
-0.1909 8.89605 1.16043 0.0565685
-0.337924 8.9213 1.29365 0.0565685
-0.490496 8.94195 1.4213 0.0565685
-0.650194 8.95963 1.5404 0.0565685
-0.800258 8.97621 1.67157 0.0565685
-0.932226 8.99562 1.82059 0.0565685
-1.02942 9.01634 1.99415 0.0565685
-1.09629 9.02561 2.18242 0.04
-1.12503 9.02179 2.3803 0.04
-1.11486 9.04825 2.57828 0.04
78 20 0 springgreen
0.752698 9.06962 0.569897 0.04
0.817999 8.99568 0.743874 0.04
0.816304 8.88994 0.91363 0.04
0.846874 8.99509 1.08099 0.04
0.83222 9.0578 1.27034 0.04
0.789195 9.17396 1.42736 0.04
0.701926 9.27445 1.57664 0.04
0.670065 9.37622 1.74584 0.04
0.644706 9.46592 1.92279 0.04
0.65417 9.57158 2.09233 0.04
0.67565 9.66387 2.26846 0.04
0.711391 9.77649 2.42983 0.04
0.711907 9.88214 2.59964 0.04
0.723208 10.0245 2.73965 0.04
0.74525 10.1669 2.87835 0.04
0.805216 10.2997 3.01535 0.04
0.80849 10.4169 3.17738 0.04
0.860056 10.5527 3.3149 0.04
0.984552 10.667 3.42185 0.04
1.10048 10.7491 3.5626 0.04
79 22 0 springgreen
0.780168 9.23994 0.671073 0.069282
0.752062 9.38339 0.534572 0.0565685
0.754358 9.5805 0.500806 0.0565685
0.842674 9.75718 0.532205 0.0565685
0.865315 9.94064 0.608561 0.0565685
0.832377 10.0762 0.751844 0.0565685
0.875657 10.241 0.856628 0.0565685
0.847958 10.3908 0.986207 0.0565685
0.799945 10.5665 1.06872 0.0565685
0.814295 10.7535 1.13828 0.0565685
0.803757 10.9395 1.21095 0.0565685
0.796608 11.1286 1.27574 0.0565685
0.803232 11.3217 1.32736 0.0565685
0.818208 11.52 1.34937 0.0565685
0.833427 11.7179 1.37334 0.04
0.779021 11.9096 1.39109 0.04
0.689992 12.042 1.27053 0.04
0.659944 12.2348 1.2267 0.04
0.636068 12.4222 1.16097 0.04
0.612454 12.6093 1.09436 0.04
0.576747 12.8049 1.07261 0.04
0.512272 12.9937 1.05924 0.04
80 9 0 springgreen
0.806632 9.38465 0.806563 0.04
1.00393 9.39626 0.775909 0.04
1.15869 9.52275 0.782955 0.04
1.25928 9.67542 0.864028 0.04
1.33286 9.84776 0.933913 0.04
1.36488 10.0359 0.993701 0.04
1.43604 10.1876 1.1029 0.04
1.51364 10.2924 1.25458 0.04
1.5311 10.4017 1.42111 0.04
81 13 0 springgreen
0.847299 10.038 1.55925 0.069282
0.65377 10.0883 1.55489 0.069282
0.489932 10.1908 1.60642 0.069282
0.369396 10.3448 1.6484 0.069282
0.303389 10.51 1.73979 0.069282
0.282066 10.6278 1.9 0.0565685
0.256019 10.785 2.02088 0.04
0.220518 10.944 2.13679 0.04
0.23498 11.1413 2.16633 0.04
0.210147 11.3357 2.20628 0.04
0.195066 11.5351 2.2032 0.04
0.210283 11.7324 2.23262 0.04
0.225501 11.9296 2.26204 0.04
82 11 0 springgreen
0.834034 10.3 1.86072 0.04
0.922146 10.4625 1.78423 0.04
0.979549 10.6537 1.77275 0.04
1.00269 10.8498 1.80463 0.04
1.0224 11.0434 1.85057 0.04
0.979248 11.2084 1.95511 0.04
0.938584 11.3636 2.07455 0.04
0.894256 11.4927 2.22066 0.04
0.854686 11.6307 2.35993 0.04
0.809909 11.7932 2.46759 0.04
0.769581 11.9767 2.5362 0.04
83 8 0 springgreen
0.745503 10.7497 2.50849 0.0565685
0.574968 10.8273 2.43853 0.0565685
0.392327 10.86 2.51319 0.0565685
0.261919 10.8202 2.65951 0.0565685
0.135228 10.8856 2.79977 0.0565685
0.0488733 10.9115 2.9783 0.04
-0.0193126 10.9589 3.16025 0.04
-0.105315 11.1101 3.25894 0.04
84 12 0 springgreen
1.63413 8.58527 -1.1928 0.04
1.4906 8.65063 -1.31579 0.04
1.40768 8.7907 -1.432 0.04
1.32345 8.95025 -1.5183 0.04
1.295 9.13832 -1.45648 0.04
1.28708 9.33816 -1.45486 0.04
1.17861 9.49167 -1.38654 0.04
1.07013 9.64518 -1.31822 0.04
0.961659 9.7987 -1.24991 0.04
0.853184 9.95221 -1.18159 0.04
0.734623 10.0892 -1.09683 0.04
0.616499 10.2067 -0.986245 0.04
85 10 0 springgreen
1.66206 8.78329 -1.18984 0.04
1.74109 8.76944 -1.00664 0.04
1.84176 8.76998 -0.833824 0.04
1.90901 8.83317 -0.656383 0.04
2.05841 8.91778 -0.553807 0.04
2.2554 8.93641 -0.524729 0.04
2.45033 8.98071 -0.518168 0.04
2.63648 9.04424 -0.481951 0.04
2.79242 9.15685 -0.427189 0.04
2.92901 9.1981 -0.287042 0.04
86 6 0 springgreen
3.97222 8.00496 2.30889 0.0565685
4.12942 8.10169 2.23185 0.0565685
4.31297 8.18049 2.24183 0.0565685
4.44171 8.32859 2.28046 0.04
4.5237 8.50552 2.32487 0.04
4.57089 8.56946 2.50841 0.04
87 13 0 springgreen
1.9149 8.75699 0.251562 0.04
1.81059 8.73809 0.421155 0.04
1.77651 8.84301 0.587976 0.04
1.77037 9.02347 0.673979 0.04
1.76423 9.20393 0.759982 0.04
1.75809 9.38439 0.845985 0.04
1.74671 9.43878 1.03811 0.04
1.73482 9.49281 1.23031 0.04
1.72173 9.54601 1.42266 0.04
1.75129 9.6645 1.58105 0.04
1.7677 9.82133 1.70407 0.04
1.78401 9.9802 1.82447 0.04
1.78292 10.1396 1.9452 0.04
88 8 0 springgreen
2.55006 8.7509 0.868291 0.04
2.72548 8.67589 0.808289 0.04
2.90782 8.7032 0.8858 0.04
3.08965 8.71671 0.967992 0.04
3.28632 8.71896 1.00427 0.04
3.48596 8.71431 1.0154 0.04
3.68437 8.70914 1.03996 0.04
3.85159 8.70655 0.930269 0.04
89 19 0 springgreen
-3.10494 6.85792 -4.03668 0.04
-3.2814 6.84246 -3.94382 0.04
-3.4629 6.9067 -3.99795 0.04
-3.64371 6.93855 -4.07728 0.04
-3.81855 6.97614 -4.16683 0.04
-3.95962 7.03115 -4.2975 0.04
-4.10719 7.08709 -4.42035 0.04
-4.25556 7.14282 -4.54234 0.04
-4.39786 7.20204 -4.66979 0.04
-4.55772 7.25014 -4.77992 0.04
-4.71894 7.29836 -4.88802 0.04
-4.88075 7.34644 -4.99529 0.04
-5.04575 7.40008 -5.09476 0.04
-5.20701 7.47545 -5.18595 0.04
-5.37925 7.54173 -5.26304 0.04
-5.54565 7.61909 -5.34257 0.04
-5.73318 7.67177 -5.38792 0.04
-5.91602 7.74509 -5.42248 0.04
-6.09914 7.81791 -5.45662 0.04
90 8 0 springgreen
-3.36855 7.20959 -4.70135 0.04
-3.19862 7.30766 -4.74013 0.04
-3.08073 7.33692 -4.89902 0.04
-2.95187 7.43373 -5.01744 0.04
-2.99113 7.56999 -5.15848 0.04
-2.95764 7.65794 -5.33495 0.04
-3.01834 7.76642 -5.49163 0.04
-3.1312 7.86827 -5.62158 0.04
91 16 0 springgreen
-3.47295 7.38686 -5.04427 0.04
-3.51346 7.2068 -5.12133 0.04
-3.58745 7.07212 -5.24934 0.04
-3.59194 7.05981 -5.44891 0.04
-3.55373 7.02802 -5.64263 0.04
-3.51454 6.99809 -5.83646 0.04
-3.49251 6.95571 -6.03067 0.04
-3.49274 6.90105 -6.22306 0.04
-3.49815 6.84968 -6.41627 0.04
-3.54015 6.79805 -6.60487 0.04
-3.60763 6.74273 -6.78483 0.04
-3.69443 6.677 -6.9526 0.04
-3.79245 6.60667 -7.11212 0.04
-3.90858 6.56957 -7.27066 0.04
-4.04925 6.59823 -7.40991 0.04
-4.18773 6.72748 -7.47409 0.04
92 7 0 springgreen
-4.00714 8.68638 -2.22349 0.04
-4.02495 8.64321 -2.41796 0.04
-4.06163 8.62725 -2.61392 0.04
-4.20687 8.66104 -2.74721 0.04
-4.32258 8.75401 -2.88125 0.04
-4.39588 8.79366 -3.06306 0.04
-4.32372 8.86456 -3.23558 0.04
93 10 0 springgreen
-4.14621 8.26417 -3.83483 0.04
-4.28988 8.1709 -3.93809 0.04
-4.46927 8.15879 -4.02568 0.04
-4.64738 8.18231 -4.11356 0.04
-4.83592 8.2238 -4.16583 0.04
-5.00532 8.26441 -4.26408 0.04
-5.17422 8.30368 -4.36374 0.04
-5.3455 8.35895 -4.45096 0.04
-5.51616 8.41359 -4.53978 0.04
-5.68303 8.48092 -4.62708 0.04
94 14 0 springgreen
1.2913 7.08668 -1.88761 0.04
1.47031 7.1148 -1.97224 0.04
1.57847 7.17606 -2.12893 0.04
1.65223 7.25391 -2.29774 0.04
1.70428 7.39873 -2.42548 0.04
1.71474 7.59841 -2.42128 0.04
1.78563 7.76456 -2.50712 0.04
1.82924 7.91522 -2.63123 0.04
1.8406 8.10017 -2.70649 0.04
1.81005 8.28945 -2.76338 0.04
1.77568 8.47682 -2.82432 0.04
1.7267 8.65122 -2.90907 0.04
1.69211 8.84805 -2.9171 0.04
1.62271 9.01471 -2.83104 0.04
95 16 0 springgreen
1.69624 10.3501 -2.50843 0.0565685
1.62723 10.4334 -2.34021 0.0565685
1.55204 10.5788 -2.22533 0.0565685
1.51157 10.7523 -2.13446 0.0565685
1.48347 10.9111 -2.01605 0.04
1.46872 11.0737 -1.90057 0.04
1.46882 11.2461 -1.7992 0.04
1.4598 11.4117 -1.68742 0.04
1.45093 11.5643 -1.55851 0.04
1.44111 11.7277 -1.44359 0.04
1.40751 11.8986 -1.34515 0.04
1.36284 12.0698 -1.25201 0.04
1.2506 12.2193 -1.18082 0.04
1.12245 12.3726 -1.18854 0.04
0.994429 12.5261 -1.19633 0.04
0.861862 12.6757 -1.20173 0.04
96 14 0 springgreen
1.73477 10.5293 -2.58849 0.04
1.60986 10.5122 -2.74375 0.04
1.54145 10.5652 -2.92406 0.04
1.50024 10.6417 -3.10421 0.04
1.46434 10.7368 -3.2764 0.04
1.43066 10.858 -3.43189 0.04
1.41206 10.9792 -3.58996 0.04
1.40214 11.0891 -3.7567 0.04
1.40434 11.1898 -3.9295 0.04
1.41935 11.3025 -4.09403 0.04
1.45188 11.3872 -4.27228 0.04
1.49017 11.5032 -4.43067 0.04
1.44861 11.676 -4.52231 0.04
1.49365 11.6399 -4.71379 0.04
97 20 0 springgreen
1.78567 10.7056 -2.66795 0.0894427
1.937 10.7357 -2.54071 0.0894427
2.02535 10.8819 -2.43667 0.0894427
2.16003 11.0275 -2.41085 0.0894427
2.28872 11.1805 -2.40617 0.08
2.41165 11.3377 -2.41941 0.08
2.4975 11.5179 -2.40615 0.08
2.56918 11.7038 -2.38891 0.08
2.63218 11.8928 -2.3711 0.069282
2.71549 12.0741 -2.35742 0.069282
2.80494 12.2519 -2.33815 0.0565685
2.88945 12.4317 -2.31466 0.0565685
3.0457 12.5543 -2.33788 0.0565685
3.20866 12.6674 -2.36369 0.0565685
3.37713 12.769 -2.39946 0.0565685
3.51227 12.9158 -2.41368 0.0565685
3.6585 13.0476 -2.4489 0.0565685
3.79312 13.19 -2.48907 0.0565685
3.93033 13.3286 -2.53339 0.04
4.02074 13.4853 -2.61855 0.04
98 18 0 springgreen
1.84098 10.8734 -2.76169 0.0565685
1.93749 10.7854 -2.91317 0.0565685
2.07735 10.8022 -3.05516 0.0565685
2.19588 10.8483 -3.20954 0.0565685
2.30479 10.9096 -3.36565 0.0565685
2.42887 10.9855 -3.50295 0.0565685
2.56163 11.0647 -3.6298 0.0565685
2.68243 11.1351 -3.77281 0.0565685
2.79631 11.198 -3.92471 0.0565685
2.9111 11.2576 -4.07726 0.0565685
3.01364 11.3229 -4.23609 0.0565685
3.1073 11.399 -4.3956 0.0565685
3.18425 11.4738 -4.56434 0.0565685
3.27522 11.5689 -4.71495 0.0565685
3.37973 11.6787 -4.84538 0.04
3.4702 11.8134 -4.96234 0.04
3.39958 11.8363 -5.14804 0.04
3.32091 11.827 -5.33169 0.04
99 10 0 springgreen
1.90466 11.0336 -2.86303 0.04
1.96187 11.0715 -3.0509 0.04
1.82593 11.1611 -3.16706 0.04
1.71701 11.2971 -3.2652 0.04
1.60906 11.4372 -3.35866 0.04
1.49653 11.5823 -3.43784 0.04
1.38812 11.7452 -3.47919 0.04
1.3206 11.9127 -3.56524 0.04
1.42053 12.0795 -3.61179 0.04
1.58931 12.0028 -3.68675 0.04
100 9 0 springgreen
1.9688 11.2074 -2.93855 0.04
2.16496 11.1805 -2.91023 0.04
2.35932 11.2204 -2.93534 0.04
2.5571 11.2485 -2.94496 0.04
2.75246 11.29 -2.95552 0.04
2.94246 11.3521 -2.96257 0.04
3.13331 11.4042 -2.99195 0.04
3.27095 11.5491 -2.98345 0.04
3.44276 11.6307 -3.04518 0.04
101 6 0 springgreen
1.84667 11.9354 -3.10724 0.0565685
1.70398 11.9064 -2.97012 0.0565685
1.59696 12.0422 -2.86957 0.04
1.55639 12.2141 -2.77574 0.04
1.57961 12.3967 -2.69758 0.04
1.6098 12.571 -2.60421 0.04
102 20 0 springgreen
2.39078 7.04179 -1.13842 0.069282
2.30078 7.17054 -1.01463 0.069282
2.27922 7.30205 -0.8655 0.069282
2.27938 7.45742 -0.739567 0.069282
2.28965 7.63172 -0.64201 0.069282
2.35824 7.81161 -0.587864 0.069282
2.52185 7.75936 -0.485382 0.069282
2.6777 7.88158 -0.45761 0.069282
2.83547 7.99802 -0.418216 0.069282
2.94106 8.15979 -0.366431 0.069282
3.05087 8.31692 -0.30942 0.069282
3.14669 8.48747 -0.267776 0.069282
3.25226 8.65388 -0.233692 0.069282
3.33307 8.83631 -0.21995 0.069282
3.43668 9.00724 -0.213075 0.069282
3.55214 9.16778 -0.18314 0.0565685
3.66742 9.33005 -0.163639 0.0565685
3.81164 9.46787 -0.14927 0.04
3.94739 9.61399 -0.134494 0.04
4.1314 9.68981 -0.154288 0.04
103 19 0 springgreen
3.04443 7.36816 -0.817687 0.069282
3.18966 7.31968 -0.946364 0.069282
3.37462 7.24618 -0.966058 0.069282
3.57366 7.23491 -0.982044 0.069282
3.77142 7.24241 -0.953175 0.069282
3.96769 7.26244 -0.920314 0.069282
4.16522 7.27852 -0.893459 0.069282
4.3648 7.2902 -0.899073 0.069282
4.56378 7.27037 -0.902862 0.069282
4.7622 7.24608 -0.909191 0.069282
4.96031 7.21952 -0.916054 0.0565685
5.15448 7.19142 -0.954897 0.0565685
5.32402 7.15552 -1.05474 0.0565685
5.47766 7.10562 -1.17265 0.04
5.64824 7.05578 -1.2644 0.04
5.78472 7.18018 -1.34119 0.04
5.95128 7.2806 -1.38783 0.04
6.133 7.36084 -1.4111 0.04
6.32176 7.40288 -1.36008 0.04
104 10 0 springgreen
3.62114 7.715 -0.388855 0.04
3.56447 7.62447 -0.219763 0.04
3.58004 7.62637 -0.0203794 0.04
3.71522 7.62731 0.12702 0.04
3.84032 7.67889 0.274295 0.04
3.99018 7.67431 0.406655 0.04
4.14434 7.70899 0.529268 0.04
4.31279 7.76347 0.622303 0.04
4.45461 7.8463 0.736438 0.04
4.64233 7.90225 0.77683 0.04
105 10 0 springgreen
3.91159 7.90358 -0.193305 0.0565685
3.91118 8.05799 -0.32042 0.04
3.92656 8.25137 -0.369069 0.04
4.02612 8.42198 -0.400416 0.04
4.16764 8.55587 -0.445639 0.04
4.2472 8.73934 -0.442847 0.04
4.21214 8.91058 -0.540043 0.04
4.24925 9.10666 -0.553407 0.04
4.24426 9.30607 -0.567843 0.04
4.29562 9.49894 -0.580694 0.04
106 17 0 springgreen
4.07705 7.98075 -0.111653 0.0565685
4.18121 7.81087 -0.128611 0.0565685
4.36043 7.72281 -0.139901 0.0565685
4.56026 7.71659 -0.134525 0.0565685
4.75905 7.72197 -0.15586 0.0565685
4.95733 7.74626 -0.14626 0.0565685
5.15222 7.78765 -0.12874 0.0565685
5.33869 7.85877 -0.115746 0.0565685
5.50673 7.96293 -0.085519 0.0565685
5.67348 8.06974 -0.0574733 0.04
5.84326 8.16921 -0.0216718 0.04
6.01331 8.25916 0.0330329 0.04
6.17468 8.35573 0.101096 0.04
6.3272 8.48358 0.1209 0.04
6.47394 8.57668 0.219888 0.04
6.61772 8.69117 0.298752 0.04
6.76149 8.80567 0.377617 0.04
107 10 0 springgreen
5.16865 8.44905 0.620829 0.0565685
5.19794 8.59401 0.486181 0.0565685
5.36371 8.65988 0.395733 0.0565685
5.5296 8.76596 0.360698 0.0565685
5.717 8.83519 0.351183 0.04
5.9083 8.8918 0.365222 0.04
6.10194 8.93962 0.350482 0.04
6.29533 8.98778 0.333735 0.04
6.48467 9.0519 0.327541 0.04
6.65606 9.10409 0.416448 0.04
108 21 0 springgreen
3.63408 6.59058 -2.52604 0.069282
3.63144 6.58623 -2.72597 0.069282
3.66569 6.72694 -2.86391 0.069282
3.80793 6.80717 -2.97938 0.069282
3.95849 6.88559 -3.08512 0.069282
4.12566 6.95733 -3.16824 0.069282
4.30284 7.01141 -3.24361 0.069282
4.47986 7.05048 -3.3281 0.069282
4.65609 7.10276 -3.4069 0.069282
4.81342 7.19049 -3.4938 0.069282
4.96558 7.29687 -3.56817 0.069282
5.11089 7.40842 -3.64842 0.069282
5.25524 7.51271 -3.73944 0.069282
5.40294 7.61393 -3.82854 0.0565685
5.53907 7.73052 -3.91729 0.0565685
5.68213 7.84418 -3.99863 0.0565685
5.83811 7.91315 -4.1031 0.0565685
5.945 7.98759 -4.25487 0.04
6.04172 8.04764 -4.41931 0.04
6.20263 8.14684 -4.48461 0.04
6.37298 8.19957 -4.39404 0.04
109 13 0 springgreen
3.82915 6.6065 -2.56719 0.0565685
3.86953 6.42575 -2.49171 0.0565685
4.01463 6.30967 -2.41774 0.0565685
4.17062 6.2303 -2.32096 0.0565685
4.32911 6.16737 -2.21645 0.0565685
4.49216 6.12686 -2.10794 0.04
4.63692 6.10686 -1.9714 0.04
4.76231 6.13323 -1.81783 0.04
4.88183 6.16558 -1.66077 0.04
4.98396 6.20637 -1.49372 0.04
5.07438 6.24789 -1.32022 0.04
5.1034 6.26933 -1.1235 0.04
5.02439 6.22611 -0.94493 0.04
110 12 0 springgreen
4.42007 6.68967 -2.62021 0.04
4.48557 6.53556 -2.51084 0.04
4.65083 6.48671 -2.40933 0.04
4.78322 6.52145 -2.26351 0.04
4.93101 6.58871 -2.14674 0.04
5.09691 6.63887 -2.04693 0.04
5.25309 6.70517 -1.94105 0.04
5.40262 6.82131 -1.87662 0.04
5.57193 6.91806 -1.8322 0.04
5.74124 7.01481 -1.78777 0.04
5.91055 7.11156 -1.74335 0.04
6.0795 7.21861 -1.74296 0.04
111 9 0 springgreen
5.17284 6.94527 -2.69064 0.04
5.29565 6.96918 -2.53461 0.04
5.43219 6.94634 -2.39027 0.04
5.62394 6.9853 -2.34887 0.04
5.8101 7.05724 -2.33584 0.04
5.95821 7.17937 -2.27975 0.04
6.10376 7.30097 -2.21628 0.04
6.23979 7.437 -2.16158 0.04
6.40592 7.54715 -2.14527 0.04
112 7 0 springgreen
5.49764 7.14363 -2.80974 0.04
5.56574 7.20402 -2.98784 0.04
5.68157 7.05625 -3.05675 0.04
5.85795 7.00056 -3.13283 0.04
6.02041 6.91906 -3.2163 0.04
6.02234 7.00318 -3.39774 0.04
6.06975 7.1246 -3.54943 0.04
113 6 0 springgreen
4.34548 8.04507 -1.42974 0.04
4.33571 8.189 -1.29122 0.04
4.36103 8.34896 -1.17386 0.04
4.37927 8.49647 -1.04004 0.04
4.43736 8.63921 -0.912568 0.04
4.4061 8.78039 -0.774391 0.04
114 6 0 springgreen
5.51632 8.0146 -1.2152 0.04
5.52201 8.13259 -1.37658 0.04
5.58634 8.27603 -1.50023 0.04
5.71209 8.40807 -1.58239 0.04
5.85759 8.53372 -1.63756 0.04
5.98631 8.68629 -1.64998 0.04
115 8 0 springgreen
3.9131 10.9513 -3.00857 0.04
3.91635 11.0786 -3.16284 0.04
3.87732 11.2133 -3.30539 0.04
3.91647 11.3251 -3.46653 0.04
3.94211 11.4471 -3.62296 0.04
3.96196 11.5766 -3.77403 0.04
3.98215 11.7062 -3.92501 0.04
4.00328 11.8359 -4.07579 0.04
116 7 0 springgreen
3.88004 11.1057 -2.88574 0.04
3.97978 11.2755 -2.92047 0.04
4.0748 11.448 -2.95531 0.04
4.27403 11.435 -2.96698 0.04
4.34827 11.3112 -2.82856 0.04
4.42251 11.1874 -2.69013 0.04
4.30259 11.0376 -2.63375 0.04
117 13 0 springgreen
-2.03426 7.88255 -6.99754 0.069282
-2.13682 7.7467 -7.10256 0.069282
-2.19354 7.63026 -7.25495 0.069282
-2.24972 7.58138 -7.44057 0.069282
-2.3207 7.5718 -7.62731 0.069282
-2.3884 7.56441 -7.81535 0.069282
-2.46496 7.55936 -8.00005 0.0565685
-2.54176 7.54175 -8.18388 0.0565685
-2.62226 7.49285 -8.36031 0.0565685
-2.72085 7.45572 -8.53031 0.04
-2.86148 7.46488 -8.67223 0.04
-3.01201 7.58566 -8.72469 0.04
-3.12009 7.73091 -8.80967 0.04
118 10 0 springgreen
0.418399 9.13658 -6.52213 0.04
0.56798 9.02018 -6.58598 0.04
0.722303 8.90775 -6.64551 0.04
0.88861 8.99262 -6.7172 0.04
1.05492 9.07749 -6.78889 0.04
1.18799 9.14702 -6.92102 0.04
1.26151 9.25267 -7.0741 0.04
1.33496 9.35141 -7.23175 0.04
1.44088 9.36686 -7.40069 0.04
1.60746 9.41645 -7.30174 0.04
119 14 0 springgreen
-0.416594 8.81324 -6.12896 0.069282
-0.59528 8.728 -6.15734 0.0565685
-0.711914 8.60845 -6.26735 0.0565685
-0.781198 8.56214 -6.44916 0.04
-0.906673 8.59374 -6.60167 0.04
-1.03507 8.67415 -6.73224 0.04
-1.16094 8.76336 -6.85951 0.04
-1.27896 8.8089 -7.01442 0.04
-1.3528 8.86692 -7.191 0.04
-1.51112 8.89861 -7.30904 0.04
-1.70894 8.89732 -7.27964 0.04
-1.88639 8.98634 -7.25545 0.04
-2.06539 9.07474 -7.26755 0.04
-2.02832 9.13297 -7.45526 0.04
120 6 0 springgreen
-0.700235 9.30253 -6.94913 0.04
-0.543862 9.42718 -6.94623 0.04
-0.411469 9.56119 -7.01342 0.04
-0.302271 9.67262 -7.13856 0.04
-0.22581 9.77796 -7.2904 0.04
-0.145208 9.90693 -7.42029 0.04
121 7 0 springgreen
-0.613497 10.6916 -5.83856 0.04
-0.493276 10.5686 -5.94062 0.04
-0.53034 10.4869 -6.11937 0.04
-0.55287 10.5164 -6.3159 0.04
-0.563142 10.5802 -6.50517 0.04
-0.578692 10.6606 -6.68764 0.04
-0.584033 10.7643 -6.85858 0.04
