RowMax=148
0 72 14 red
1 26
2 43
3 43
4 45
5 46
6 47
7 49
8 51
9 53
10 54
11 57
12 58
13 61
14 66
0 0 0 0.665733
0 0.2 0 0.665733
0.00703652 0.393669 0.0494244 0.665733
0.0066697 0.593024 0.0654695 0.665733
0.00327362 0.792496 0.0795972 0.665733
0.0059266 0.99232 0.0875323 0.665733
0.00815593 1.1916 0.104368 0.665733
0.00751107 1.39136 0.114116 0.665733
0.00724671 1.59121 0.121866 0.665733
-0.00140793 1.79102 0.122373 0.665733
-0.00780437 1.99092 0.12138 0.665733
-0.0162097 2.19071 0.117994 0.665733
-0.00958645 2.3906 0.117722 0.665733
-0.01125 2.59034 0.10771 0.665733
-0.0036796 2.79019 0.109435 0.665733
-0.00858933 2.99009 0.105141 0.665733
-0.0205061 3.18967 0.100357 0.665733
-0.0295464 3.38942 0.0961398 0.665733
-0.0427511 3.58899 0.0961145 0.665733
-0.0556112 3.78852 0.091389 0.665733
-0.0653069 3.9882 0.0857389 0.665733
-0.0729007 4.18788 0.0772607 0.665733
-0.0848025 4.38675 0.0597289 0.665733
-0.105588 4.5845 0.0381401 0.665733
-0.115848 4.78263 0.012892 0.635733
-0.157635 4.97518 -0.0214311 0.59637
-0.212892 5.16277 -0.0633623 0.52837
-0.267566 5.35035 -0.106063 0.460472
-0.345534 5.5283 -0.153549 0.389872
-0.424136 5.70661 -0.198563 0.389872
-0.51403 5.88116 -0.236666 0.389872
-0.632401 6.03741 -0.276333 0.389872
-0.788118 6.15773 -0.31204 0.389872
-0.927652 6.28882 -0.369896 0.389872
-1.06877 6.41853 -0.426995 0.389872
-1.20178 6.55162 -0.494793 0.389872
-1.33602 6.68369 -0.562146 0.389872
-1.46666 6.82891 -0.605085 0.389872
-1.59623 6.97705 -0.640653 0.389872
-1.73161 7.12352 -0.655526 0.389872
-1.86812 7.26931 -0.645081 0.389872
-2.00062 7.41779 -0.665048 0.389872
-2.11787 7.57531 -0.702982 0.389872
-2.22667 7.7391 -0.739528 0.373095
-2.33651 7.90291 -0.772732 0.373095
-2.44956 8.06631 -0.795494 0.324962
-2.56286 8.22909 -0.821302 0.32
-2.67721 8.39312 -0.825633 0.282843
-2.766 8.57216 -0.817895 0.282843
-2.84703 8.73395 -0.732687 0.174356
-2.88002 8.90719 -0.638359 0.174356
-2.88083 9.09014 -0.557541 0.164924
-2.82471 9.265 -0.478327 0.164924
-2.76225 9.44147 -0.407928 0.154919
-2.67217 9.61754 -0.378218 0.132665
-2.55261 9.77783 -0.374134 0.126491
-2.42093 9.92684 -0.395416 0.126491
-2.29605 10.0798 -0.427219 0.10583
-2.16122 10.226 -0.448013 0.069282
-2.01324 10.3542 -0.489098 0.069282
-1.90081 10.5172 -0.516724 0.069282
-1.83795 10.7004 -0.566921 0.0565685
-1.80558 10.8794 -0.64998 0.0565685
-1.75765 11.0417 -0.756506 0.0565685
-1.61685 11.0548 -0.897938 0.0565685
-1.45372 11.0519 -1.0136 0.0565685
-1.27636 11.1079 -1.08713 0.04
-1.19489 11.2708 -1.1698 0.04
-1.12047 11.4255 -1.27242 0.04
-1.00214 11.5704 -1.34313 0.04
-0.963015 11.7418 -1.43835 0.04
-0.953356 11.9416 -1.4407 0.04
1 52 14 green
15 15
16 19
17 22
18 24
19 25
20 28
21 29
22 32
23 34
24 36
25 38
26 41
27 43
28 46
-0.212892 5.16277 -0.0633623 0.538145
-0.12215775 5.3121875 -0.06825015 0.538145
-0.0314235 5.461605 -0.073138 0.538145
0.05931075 5.6110225 -0.07802585 0.538145
0.090045 5.76044 -0.0829137 0.538145
0.146365 5.95287 -0.134916 0.538145
0.176266 6.14664 -0.183439 0.538145
0.20269 6.33719 -0.238157 0.538145
0.229116 6.5283 -0.290849 0.538145
0.259441 6.7196 -0.340706 0.538145
0.295559 6.90867 -0.394989 0.538145
0.340911 7.09636 -0.447103 0.538145
0.383575 7.28643 -0.49244 0.538145
0.430344 7.47432 -0.542523 0.536656
0.478103 7.6642 -0.583329 0.466656
0.533762 7.84952 -0.633909 0.401995
0.570971 8.04488 -0.655163 0.401995
0.550995 8.24363 -0.645289 0.401995
0.46166 8.41628 -0.598271 0.341995
0.424571 8.61277 -0.594294 0.288444
0.405868 8.80144 -0.657973 0.288444
0.392097 8.9797 -0.747602 0.288444
0.373368 9.16082 -0.830326 0.28
0.359522 9.34672 -0.902799 0.28
0.355692 9.54565 -0.923098 0.233238
0.348206 9.74268 -0.8896 0.215407
0.348298 9.93806 -0.84686 0.215407
0.343744 10.1279 -0.783981 0.215407
0.365387 10.3256 -0.763027 0.2
0.398311 10.5223 -0.748102 0.191833
0.414533 10.7182 -0.711308 0.191833
0.410923 10.9125 -0.663898 0.191833
0.38675 11.1089 -0.635292 0.174356
0.347145 11.3048 -0.628366 0.174356
0.310032 11.5011 -0.638884 0.154919
0.250299 11.6917 -0.62895 0.154919
0.166073 11.8719 -0.607746 0.126491
0.0739095 12.0494 -0.606718 0.12
-0.0177298 12.2247 -0.636152 0.113137
-0.111293 12.3796 -0.721321 0.113137
-0.247267 12.5009 -0.803762 0.113137
-0.39239 12.6372 -0.822505 0.10583
-0.531849 12.779 -0.843781 0.10583
-0.65888 12.9266 -0.889174 0.0979796
-0.745253 13.0873 -0.971231 0.0979796
-0.825424 13.251 -1.05358 0.0979796
-0.930317 13.3985 -1.13856 0.069282
-1.08959 13.49 -1.21774 0.0565685
-1.27618 13.5489 -1.25907 0.0565685
-1.46533 13.612 -1.24342 0.0565685
-1.63441 13.7177 -1.22767 0.04
-1.77994 13.8287 -1.14712 0.04
2 24 2 green
29 9
30 10
-2.22667 7.7391 -0.739528 0.10583
-2.39903 7.68144 -0.823009 0.10583
-2.33235 7.70746 -1.00976 0.10583
-2.23393 7.7416 -1.18049 0.10583
-2.12296 7.77137 -1.3442 0.10583
-1.97953 7.78684 -1.48272 0.10583
-1.82179 7.80144 -1.60481 0.10583
-1.66485 7.81906 -1.72753 0.10583
-1.50691 7.83645 -1.84898 0.10583
-1.35002 7.86822 -1.96888 0.08
-1.18517 7.90353 -2.07649 0.069282
-1.05981 7.96114 -2.22128 0.069282
-0.921577 8.01393 -2.35584 0.069282
-0.761569 8.06103 -2.4662 0.069282
-0.569416 8.07791 -2.51903 0.069282
-0.433389 8.05163 -2.66328 0.069282
-0.333693 8.00344 -2.82982 0.069282
-0.248682 7.94233 -3.00023 0.0565685
-0.223278 7.86613 -3.18339 0.0565685
-0.243705 7.77125 -3.35827 0.0565685
-0.311707 7.67158 -3.51777 0.04
-0.41733 7.56663 -3.65129 0.04
-0.564376 7.4542 -3.72705 0.04
-0.70274 7.35042 -3.82747 0.04
3 5 0 green
-2.22667 7.7391 -0.739528 0.04
-2.3278 7.71971 -0.56807 0.04
-2.4822 7.80542 -0.474192 0.04
-2.65248 7.8548 -0.381626 0.04
-2.82275 7.90418 -0.28906 0.04
4 38 5 green
31 17
32 19
33 23
34 24
35 27
-2.44956 8.06631 -0.795494 0.183303
-2.56237 8.05251 -0.630918 0.183303
-2.72145 8.08987 -0.515601 0.183303
-2.87783 8.14976 -0.40626 0.183303
-3.01719 8.22756 -0.285738 0.183303
-3.16105 8.31097 -0.174622 0.183303
-3.25606 8.3659 -0.00741537 0.183303
-3.34949 8.41093 0.163587 0.183303
-3.40081 8.43857 0.354906 0.183303
-3.43073 8.46256 0.551194 0.183303
-3.4574 8.48546 0.74808 0.183303
-3.46549 8.5135 0.945939 0.183303
-3.443 8.55586 1.1401 0.183303
-3.42221 8.59611 1.33491 0.183303
-3.37678 8.65873 1.51934 0.183303
-3.31203 8.73181 1.69389 0.183303
-3.22646 8.83545 1.84199 0.183303
-3.16026 8.94839 1.9932 0.16
-3.11297 9.07823 2.13778 0.16
-3.05554 9.24002 2.24038 0.149666
-3.00071 9.41702 2.31564 0.144222
-2.92949 9.58309 2.40135 0.138564
-2.88424 9.7364 2.52155 0.138564
-2.84348 9.8554 2.67704 0.113137
-2.7777 9.95051 2.84022 0.0979796
-2.69125 10.0367 2.99863 0.0894427
-2.57555 10.1114 3.14367 0.0894427
-2.44435 10.1859 3.27498 0.08
-2.31296 10.2641 3.40386 0.08
-2.20606 10.3688 3.53661 0.069282
-2.11119 10.4979 3.65633 0.0565685
-2.09154 10.6942 3.62378 0.0565685
-2.07311 10.8848 3.56592 0.0565685
-2.06827 11.0816 3.53091 0.0565685
-2.07345 11.279 3.49906 0.04
-2.06367 11.4785 3.48833 0.04
-1.87519 11.5145 3.54472 0.04
-1.67787 11.5302 3.57335 0.04
5 7 0 green
-2.56286 8.22909 -0.821302 0.0565685
-2.43354 8.321 -0.943078 0.0565685
-2.3743 8.44764 -1.08609 0.0565685
-2.2724 8.55002 -1.22442 0.0565685
-2.16079 8.68435 -1.32187 0.04
-1.98806 8.7564 -1.25135 0.04
-1.89339 8.76338 -1.07531 0.04
6 27 5 green
36 10
37 13
38 15
39 16
40 19
-2.67721 8.39312 -0.825633 0.149666
-2.7855 8.37706 -0.993008 0.144222
-2.8123 8.37889 -1.1912 0.144222
-2.71839 8.26617 -1.32711 0.144222
-2.68396 8.38698 -1.48274 0.144222
-2.64884 8.50821 -1.63789 0.144222
-2.66494 8.58965 -1.81984 0.144222
-2.66135 8.62717 -2.01626 0.144222
-2.65903 8.64768 -2.21519 0.144222
-2.70935 8.64263 -2.40869 0.144222
-2.77764 8.61613 -2.5948 0.12
-2.84046 8.55447 -2.77438 0.12
-2.93017 8.47275 -2.93336 0.12
-3.04548 8.34546 -3.03584 0.10583
-3.16374 8.21957 -3.13667 0.10583
-3.28976 8.09411 -3.2282 0.0894427
-3.44687 7.98896 -3.29345 0.08
-3.62148 7.9071 -3.34649 0.08
-3.79376 7.83037 -3.41305 0.08
-3.94912 7.75447 -3.51356 0.0565685
-4.09515 7.66401 -3.616 0.0565685
-4.2393 7.53287 -3.66099 0.04
-4.37434 7.38537 -3.66363 0.04
-4.55064 7.29203 -3.64925 0.04
-4.73174 7.20719 -3.6472 0.04
-4.91791 7.13559 -3.66181 0.04
-5.05566 7.0363 -3.55614 0.04
7 33 10 green
41 6
42 8
43 9
44 10
45 13
46 16
47 18
48 19
49 20
50 24
-2.84703 8.73395 -0.732687 0.222711
-3.0345 8.6766 -0.772245 0.222711
-3.23076 8.69874 -0.803749 0.222711
-3.41951 8.74339 -0.852524 0.222711
-3.58722 8.80772 -0.940479 0.222711
-3.74604 8.86302 -1.04873 0.222711
-3.89503 8.92921 -1.16458 0.187617
-4.03746 8.9798 -1.29555 0.187617
-4.16692 9.03217 -1.43872 0.178885
-4.29715 9.08289 -1.58178 0.16
-4.38533 9.14233 -1.75117 0.154919
-4.46045 9.21234 -1.9228 0.154919
-4.52005 9.32998 -2.07316 0.154919
-4.57519 9.503 -2.15696 0.138564
-4.62535 9.67589 -2.24409 0.138564
-4.64402 9.84507 -2.34911 0.138564
-4.64524 10.0074 -2.46598 0.12
-4.62859 10.1571 -2.59754 0.12
-4.58882 10.2785 -2.75138 0.0979796
-4.55442 10.4112 -2.89706 0.0894427
-4.53213 10.585 -2.99343 0.08
-4.48983 10.768 -3.06223 0.08
-4.42462 10.9309 -3.1582 0.08
-4.32966 11.0609 -3.27679 0.08
-4.24378 11.1699 -3.42083 0.069282
-4.18145 11.2619 -3.58714 0.0565685
-4.15372 11.328 -3.77385 0.0565685
-4.17163 11.3352 -3.97292 0.04
-4.28357 11.3161 -4.13756 0.04
-4.39613 11.2827 -4.29946 0.04
-4.4705 11.366 -4.46538 0.04
-4.53698 11.461 -4.62836 0.04
-4.60469 11.5558 -4.79092 0.04
8 20 1 green
51 9
-2.88083 9.09014 -0.557541 0.0565685
-3.06846 9.1072 -0.49044 0.0565685
-3.21378 9.22039 -0.412533 0.0565685
-3.33912 9.36107 -0.345458 0.0565685
-3.43282 9.52263 -0.273919 0.0565685
-3.56239 9.65443 -0.197478 0.0565685
-3.68909 9.76486 -0.089084 0.0565685
-3.81863 9.87202 0.0192587 0.0565685
-3.9456 9.99952 0.106556 0.0565685
-4.05914 10.1404 0.191744 0.04
-4.156 10.2883 0.285328 0.04
-4.17702 10.4215 0.432983 0.04
-4.13206 10.5195 0.601454 0.04
-4.06799 10.6391 0.748392 0.04
-4.05543 10.769 0.899904 0.04
-4.01854 10.9125 1.03432 0.04
-3.98473 11.0543 1.17117 0.04
-3.95903 11.1904 1.31552 0.04
-3.95991 11.3429 1.44486 0.04
-3.95122 11.4733 1.59628 0.04
9 22 0 green
-2.76225 9.44147 -0.407928 0.0565685
-2.70518 9.37353 -0.228687 0.0565685
-2.7669 9.46491 -0.0618294 0.0565685
-2.83871 9.56218 0.0974875 0.0565685
-2.91688 9.69042 0.229561 0.0565685
-3.04311 9.79604 0.343183 0.0565685
-3.02285 9.945 0.475099 0.0565685
-3.02217 10.0676 0.633089 0.0565685
-3.02608 10.1816 0.797409 0.0565685
-3.02974 10.2961 0.961364 0.0565685
-3.04638 10.4192 1.11809 0.0565685
-3.09135 10.542 1.26937 0.0565685
-3.1243 10.7015 1.38544 0.0565685
-3.15427 10.8933 1.4338 0.0565685
-3.18368 11.0851 1.48199 0.0565685
-3.22194 11.2568 1.57728 0.0565685
-3.26059 11.426 1.67667 0.04
-3.34407 11.5516 1.80804 0.04
-3.45805 11.6364 1.94876 0.04
-3.57404 11.7196 2.08887 0.04
-3.61382 11.8542 2.23138 0.04
-3.65152 11.979 2.38302 0.04
10 19 1 green
52 7
-2.67217 9.61754 -0.378218 0.08
-2.83505 9.72559 -0.335812 0.08
-2.97858 9.86317 -0.357464 0.08
-3.04763 10.012 -0.471841 0.08
-3.10176 10.1677 -0.585077 0.069282
-3.12337 10.3214 -0.711173 0.069282
-3.14655 10.4717 -0.841119 0.069282
-3.17587 10.6164 -0.976073 0.0565685
-3.1799 10.7361 -1.13621 0.0565685
-3.16135 10.8253 -1.31425 0.04
-3.15298 10.8855 -1.50479 0.04
-3.13488 10.9123 -1.70216 0.04
-3.14595 10.9129 -1.90186 0.04
-3.22723 10.8401 -2.06949 0.04
-3.30504 10.7721 -2.24072 0.04
-3.38778 10.6854 -2.4008 0.04
-3.45567 10.5951 -2.56586 0.04
-3.56796 10.5154 -2.71094 0.04
-3.69295 10.3684 -2.65833 0.04
11 4 1 green
53 2
-2.29605 10.0798 -0.427219 0.0565685
-2.19911 10.0666 -0.252777 0.0565685
-2.14101 10.1054 -0.0653637 0.04
-2.20301 10.2156 0.0895831 0.04
12 16 0 green
-2.16122 10.226 -0.448013 0.08
-2.23485 10.2827 -0.625133 0.08
-2.2324 10.339 -0.817026 0.08
-2.25116 10.4353 -0.99128 0.08
-2.2253 10.5312 -1.16491 0.08
-2.22399 10.6708 -1.30807 0.08
-2.18832 10.8352 -1.4162 0.08
-2.14929 11.0039 -1.51636 0.069282
-2.13684 11.1804 -1.60963 0.069282
-2.15194 11.3542 -1.70739 0.069282
-2.16301 11.5266 -1.80818 0.0565685
-2.12239 11.697 -1.90478 0.0565685
-2.0948 11.8925 -1.93631 0.04
-2.08704 12.0761 -2.01536 0.04
-1.93498 12.0691 -2.14509 0.04
-1.81987 12.0663 -2.30862 0.04
13 6 0 green
-1.83795 10.7004 -0.566921 0.04
-1.97347 10.7876 -0.448508 0.04
-2.09841 10.9246 -0.373584 0.04
-2.21088 11.0778 -0.311169 0.04
-2.32378 11.2309 -0.249578 0.04
-2.40732 11.3876 -0.157456 0.04
14 6 0 green
-1.27636 11.1079 -1.08713 0.04
-1.16399 11.0146 -0.950466 0.04
-0.973392 11.0071 -0.890336 0.04
-0.785396 11.0008 -0.822387 0.04
-0.596459 10.9941 -0.757133 0.04
-0.397109 10.979 -0.751365 0.04
15 42 18 blue
54 3
55 6
56 10
57 11
58 12
59 13
60 15
61 16
62 18
63 20
64 21
65 22
66 24
67 29
68 31
69 34
70 35
71 37
0.533762 7.84952 -0.633909 0.355528
0.68794 7.8156 -0.756704 0.355528
0.835525 7.86589 -0.881962 0.355528
1.00161 7.93097 -0.972409 0.31241
1.15826 8.00885 -1.06934 0.31241
1.2798 8.10395 -1.19656 0.31241
1.36672 8.1878 -1.35598 0.256125
1.40844 8.25568 -1.53942 0.256125
1.41261 8.31623 -1.72999 0.256125
1.4114 8.38842 -1.9165 0.256125
1.42356 8.45789 -2.10366 0.2498
1.48035 8.50446 -2.28968 0.24
1.55184 8.5316 -2.47449 0.222711
1.62697 8.53436 -2.65982 0.219089
1.66322 8.50512 -2.85432 0.219089
1.67827 8.43074 -3.03936 0.215407
1.7026 8.30829 -3.19561 0.174356
1.75352 8.15117 -3.3084 0.174356
1.81842 7.99821 -3.41971 0.169706
1.88785 7.84121 -3.52233 0.169706
1.92475 7.67844 -3.63253 0.164924
1.94521 7.53092 -3.76602 0.132665
1.92176 7.38853 -3.9045 0.12
1.83723 7.23136 -3.99478 0.12
1.74754 7.07005 -4.07183 0.113137
1.66716 6.91334 -4.16658 0.10583
1.59484 6.77803 -4.29489 0.10583
1.54401 6.64302 -4.43342 0.10583
1.48336 6.51025 -4.57014 0.10583
1.40728 6.37788 -4.69933 0.0979796
1.32657 6.26085 -4.84 0.0979796
1.23509 6.20182 -5.00778 0.0894427
1.14958 6.18633 -5.18791 0.0894427
1.07105 6.21198 -5.37005 0.0894427
0.97988 6.23858 -5.54606 0.08
0.862913 6.2723 -5.70475 0.069282
0.709483 6.30373 -5.82913 0.069282
0.552222 6.34466 -5.94572 0.0565685
0.401083 6.36314 -6.0754 0.0565685
0.240555 6.37944 -6.19357 0.04
0.108495 6.30864 -6.32605 0.04
-0.0285986 6.22055 -6.44199 0.04
16 41 9 blue
72 6
73 7
74 10
75 11
76 20
77 23
78 26
79 30
80 32
0.424571 8.61277 -0.594294 0.28
0.440316 8.6458 -0.397669 0.28
0.502327 8.71372 -0.220072 0.28
0.58683 8.79559 -0.0583403 0.28
0.664001 8.87471 0.108347 0.28
0.737636 8.95186 0.277537 0.28
0.817921 9.04529 0.435098 0.246577
0.915338 9.14949 0.575285 0.207846
1.03149 9.25215 0.701661 0.207846
1.16249 9.34627 0.819892 0.207846
1.29443 9.43354 0.942274 0.178885
1.41405 9.51832 1.0783 0.149666
1.51418 9.57276 1.24265 0.149666
1.57631 9.53344 1.42864 0.149666
1.59422 9.54234 1.62764 0.149666
1.60937 9.55672 1.82654 0.149666
1.61134 9.57927 2.02526 0.149666
1.60683 9.60892 2.223 0.144222
1.61728 9.62316 2.42222 0.144222
1.65954 9.6648 2.61321 0.144222
1.72623 9.70729 2.79692 0.12
1.80855 9.75756 2.97212 0.12
1.91767 9.80093 3.13402 0.12
2.04894 9.83656 3.28064 0.0979796
2.20041 9.85671 3.40968 0.0979796
2.35206 9.87889 3.53817 0.0979796
2.47762 9.89433 3.69308 0.08
2.59149 9.88429 3.8572 0.08
2.71281 9.8488 4.01218 0.08
2.84335 9.81596 4.16011 0.08
2.96755 9.80304 4.31633 0.069282
3.09133 9.80866 4.47333 0.069282
3.2142 9.84214 4.62755 0.0565685
3.30351 9.92006 4.78864 0.0565685
3.33233 10.0438 4.9431 0.0565685
3.34116 10.2109 5.0527 0.04
3.38971 10.4048 5.05983 0.04
3.42277 10.6018 5.0509 0.04
3.44911 10.7999 5.04365 0.04
3.55261 10.9442 5.13573 0.04
3.65554 11.1079 5.18678 0.04
17 10 0 blue
0.373368 9.16082 -0.830326 0.069282
0.38008 9.10069 -1.02095 0.069282
0.373177 9.07965 -1.21972 0.069282
0.34468 9.05912 -1.41662 0.0565685
0.302485 8.99725 -1.60207 0.0565685
0.236034 8.88365 -1.75266 0.0565685
0.13119 8.76678 -1.87656 0.04
-0.0312593 8.6917 -1.96584 0.04
-0.230084 8.71237 -1.97225 0.04
-0.414399 8.67698 -2.04135 0.04
18 31 5 blue
81 10
82 11
83 13
84 15
85 18
0.355692 9.54565 -0.923098 0.154919
0.42274 9.58207 -1.10797 0.154919
0.419955 9.6813 -1.2816 0.154919
0.522582 9.77493 -1.42548 0.154919
0.673629 9.90489 -1.4083 0.154919
0.824675 10.0348 -1.39113 0.154919
0.99198 10.1444 -1.38901 0.154919
1.14805 10.2634 -1.42758 0.154919
1.3006 10.3845 -1.47295 0.154919
1.45307 10.5017 -1.52781 0.154919
1.60166 10.619 -1.59239 0.149666
1.74657 10.7294 -1.67495 0.138564
1.88298 10.8274 -1.78346 0.138564
2.02705 10.9164 -1.88994 0.12
2.14919 10.999 -2.02506 0.12
2.2524 11.0775 -2.17734 0.113137
2.33698 11.1327 -2.34996 0.10583
2.39527 11.1213 -2.54094 0.10583
2.43617 11.1319 -2.73642 0.0979796
2.4809 11.1506 -2.93046 0.0979796
2.51819 11.1848 -3.12395 0.0894427
2.54478 11.2476 -3.31198 0.0894427
2.53866 11.2981 -3.50539 0.08
2.55299 11.3553 -3.69649 0.08
2.59573 11.4211 -3.88047 0.069282
2.6552 11.493 -4.05735 0.069282
2.76844 11.5754 -4.20018 0.069282
2.95083 11.6564 -4.18754 0.0565685
3.1508 11.6556 -4.1909 0.04
3.33809 11.7151 -4.22805 0.04
3.51316 11.7707 -4.14892 0.04
19 18 1 blue
86 8
0.348206 9.74268 -0.8896 0.0894427
0.242147 9.73285 -0.720322 0.0894427
0.128951 9.79066 -0.565903 0.08
0.0261051 9.85808 -0.408178 0.08
-0.0833484 9.91764 -0.251742 0.08
-0.191526 9.98036 -0.0956508 0.08
-0.304559 10.0406 0.0579361 0.08
-0.42431 10.0942 0.208903 0.069282
-0.5616 10.1355 0.34835 0.0565685
-0.693123 10.1339 0.499012 0.0565685
-0.816667 10.0129 0.599489 0.0565685
-0.928182 9.91494 0.733542 0.0565685
-1.02314 9.7981 0.865196 0.04
-1.05095 9.64846 0.994937 0.04
-1.08663 9.5286 1.15102 0.04
-1.15552 9.44013 1.31663 0.04
-1.23146 9.36078 1.48377 0.04
-1.29247 9.30094 1.6646 0.04
20 19 0 blue
0.365387 10.3256 -0.763027 0.08
0.482653 10.3584 -0.921684 0.08
0.672901 10.4201 -0.923573 0.08
0.847944 10.5129 -0.896281 0.08
1.00911 10.624 -0.855353 0.08
1.14832 10.7592 -0.807017 0.08
1.20785 10.9475 -0.838701 0.08
1.25787 11.1381 -0.872737 0.08
1.3113 11.328 -0.905655 0.08
1.38578 11.5123 -0.927984 0.069282
1.47189 11.6922 -0.942754 0.069282
1.60643 11.8365 -0.909817 0.069282
1.7323 11.9816 -0.85414 0.0565685
1.83728 12.15 -0.879093 0.0565685
1.90997 12.3261 -0.939982 0.0565685
1.97751 12.4962 -1.02062 0.04
2.04434 12.6626 -1.10916 0.04
2.08387 12.7354 -1.2912 0.04
2.11743 12.7858 -1.4818 0.04
21 23 0 blue
0.398311 10.5223 -0.748102 0.0565685
0.501819 10.4981 -0.578684 0.0565685
0.581646 10.535 -0.399055 0.0565685
0.665719 10.6093 -0.233494 0.0565685
0.746261 10.6934 -0.07085 0.0565685
0.830432 10.7854 0.0855081 0.0565685
0.903072 10.8407 0.263453 0.0565685
0.984253 10.8959 0.437712 0.04
1.08506 10.945 0.603308 0.04
1.19144 11.0042 0.761998 0.04
1.22744 11.0811 0.943074 0.04
1.2462 11.1635 1.12435 0.04
1.27779 11.2272 1.31129 0.04
1.31113 11.2739 1.50287 0.04
1.34875 11.3286 1.69152 0.04
1.38911 11.3966 1.87524 0.04
1.40966 11.4864 2.05273 0.04
1.45872 11.566 2.22953 0.04
1.5074 11.6455 2.40648 0.04
1.55508 11.7247 2.58386 0.04
1.59955 11.8026 2.76259 0.04
1.6923 11.8709 2.92611 0.04
1.85593 11.9687 2.86567 0.04
22 27 1 blue
87 9
0.38675 11.1089 -0.635292 0.08
0.432877 11.1134 -0.440735 0.08
0.453986 11.1849 -0.255167 0.08
0.489234 11.305 -0.0991822 0.08
0.487743 11.4566 0.0312687 0.069282
0.480029 11.6192 0.147494 0.069282
0.519611 11.7823 0.256255 0.069282
0.584455 11.9378 0.364099 0.069282
0.654573 12.0813 0.48447 0.069282
0.688168 12.2351 0.607825 0.0565685
0.725986 12.3847 0.73503 0.0565685
0.727563 12.5351 0.866899 0.0565685
0.698339 12.6835 0.997704 0.0565685
0.670355 12.8367 1.12323 0.0565685
0.687669 12.993 1.24674 0.0565685
0.69917 13.0984 1.41638 0.0565685
0.667291 13.1891 1.59174 0.0565685
0.642237 13.2851 1.76539 0.04
0.55467 13.3415 1.93613 0.04
0.418054 13.288 2.07207 0.04
0.275267 13.2254 2.19734 0.04
0.106155 13.1778 2.29291 0.04
-0.0666186 13.1579 2.39167 0.04
-0.24017 13.1561 2.49105 0.04
-0.413764 13.152 2.59029 0.04
-0.585497 13.1792 2.6891 0.04
-0.757495 13.2065 2.78745 0.04
23 21 1 blue
88 13
0.310032 11.5011 -0.638884 0.08
0.382531 11.5454 -0.819937 0.08
0.45689 11.6597 -0.966248 0.069282
0.484512 11.8114 -1.09364 0.069282
0.470474 11.9911 -1.18025 0.069282
0.421714 12.167 -1.26195 0.069282
0.353813 12.3405 -1.33476 0.069282
0.284669 12.5088 -1.41772 0.069282
0.195758 12.6596 -1.51441 0.069282
0.0818819 12.7892 -1.61567 0.069282
-0.0304567 12.9153 -1.72281 0.069282
-0.136878 13.0476 -1.82843 0.069282
-0.236839 13.1907 -1.92617 0.069282
-0.30303 13.3509 -2.02583 0.0565685
-0.345155 13.5203 -2.12355 0.0565685
-0.351455 13.7102 -2.18598 0.04
-0.314005 13.9036 -2.22061 0.04
-0.255375 14.0947 -2.22726 0.04
-0.207698 14.2881 -2.24421 0.04
-0.221952 14.4802 -2.19026 0.04
-0.251536 14.6698 -2.13377 0.04
24 20 3 blue
89 9
90 12
91 15
0.166073 11.8719 -0.607746 0.0894427
0.0853088 11.8563 -0.425445 0.0894427
0.0086293 11.9383 -0.259943 0.0894427
-0.0660923 12.0417 -0.105947 0.0894427
-0.155168 12.1522 0.0350105 0.0894427
-0.265199 12.24 0.17708 0.0894427
-0.381814 12.3412 0.304171 0.0894427
-0.495013 12.4505 0.427598 0.0894427
-0.56418 12.5972 0.544678 0.0894427
-0.620778 12.7604 0.645474 0.08
-0.681572 12.923 0.744803 0.08
-0.727837 13.1077 0.805993 0.08
-0.780886 13.2869 0.877269 0.069282
-0.872773 13.4503 0.946873 0.069282
-1.04376 13.5289 1.0146 0.0565685
-1.21515 13.5472 1.11605 0.04
-1.36868 13.5198 1.24126 0.04
-1.45891 13.44 1.4009 0.04
-1.4505 13.2827 1.52412 0.04
-1.43917 13.1613 1.68266 0.04
25 6 0 blue
-0.0177298 12.2247 -0.636152 0.04
0.084309 12.365 -0.536737 0.04
0.146386 12.4849 -0.389115 0.04
0.209441 12.5061 -0.200512 0.04
0.271003 12.5638 -0.0191755 0.04
0.298161 12.5512 0.178567 0.04
26 5 0 blue
-0.39239 12.6372 -0.822505 0.04
-0.396724 12.6905 -0.629797 0.04
-0.485731 12.818 -0.503979 0.04
-0.581886 12.9522 -0.391118 0.04
-0.660055 13.1361 -0.382284 0.04
27 5 0 blue
-0.65888 12.9266 -0.889174 0.04
-0.84542 12.8565 -0.872506 0.04
-0.992997 12.7613 -0.96829 0.04
-1.16311 12.8661 -0.958547 0.04
-1.30969 13.0017 -0.969301 0.04
28 12 0 blue
-0.930317 13.3985 -1.13856 0.069282
-0.788287 13.5367 -1.11149 0.069282
-0.630747 13.658 -1.0896 0.069282
-0.47295 13.7764 -1.05678 0.069282
-0.312976 13.8937 -1.03129 0.0565685
-0.148636 13.9973 -0.983732 0.0565685
-0.0193459 14.0982 -0.869255 0.04
0.0874085 14.1943 -0.730082 0.04
0.171037 14.2444 -0.555473 0.04
0.254765 14.3014 -0.383001 0.04
0.335695 14.363 -0.210795 0.04
0.420817 14.3761 -0.0302909 0.04
29 14 0 blue
-1.35002 7.86822 -1.96888 0.069282
-1.45069 7.97112 -2.10772 0.069282
-1.48663 8.08208 -2.27019 0.069282
-1.51032 8.18795 -2.43821 0.069282
-1.52595 8.28259 -2.61371 0.069282
-1.53811 8.38366 -2.78586 0.069282
-1.56922 8.48103 -2.95776 0.0565685
-1.6033 8.56584 -3.13566 0.0565685
-1.65088 8.63782 -3.31609 0.04
-1.70659 8.74363 -3.4764 0.04
-1.70682 8.87429 -3.62782 0.04
-1.60822 9.01646 -3.52749 0.04
-1.46826 8.98087 -3.38913 0.04
-1.34845 8.82178 -3.37071 0.04
30 4 0 blue
-1.18517 7.90353 -2.07649 0.04
-1.03846 7.8358 -1.95864 0.04
-0.951945 7.8822 -1.78439 0.04
-0.899623 7.91693 -1.59451 0.04
31 18 2 blue
92 7
93 14
-3.16026 8.94839 1.9932 0.0894427
-3.12813 8.81074 2.1347 0.0894427
-3.17153 8.75638 2.32221 0.08
-3.30696 8.68015 2.4481 0.08
-3.47368 8.62701 2.54496 0.08
-3.65091 8.57742 2.62324 0.08
-3.83961 8.53971 2.67774 0.08
-4.03215 8.50578 2.71989 0.069282
-4.22974 8.47758 2.73269 0.0565685
-4.41957 8.50359 2.67534 0.0565685
-4.59078 8.58143 2.6073 0.0565685
-4.74566 8.68972 2.54186 0.0565685
-4.90133 8.79881 2.47966 0.0565685
-5.07192 8.89668 2.44335 0.0565685
-5.23822 8.9966 2.39476 0.04
-5.36727 9.09716 2.27972 0.04
-5.35827 9.05499 2.08443 0.04
-5.36336 9.00629 1.89051 0.04
32 11 0 blue
-3.05554 9.24002 2.24038 0.0565685
-2.88737 9.17088 2.32367 0.0565685
-2.72815 9.10771 2.42691 0.0565685
-2.55151 9.10314 2.5206 0.0565685
-2.39077 9.07446 2.63611 0.0565685
-2.2385 9.04752 2.76294 0.04
-2.10606 8.98897 2.9009 0.04
-1.9709 8.89893 3.01762 0.04
-1.84358 8.8033 3.13864 0.04
-1.76139 8.70678 3.29333 0.04
-1.62435 8.61317 3.40493 0.04
33 6 1 blue
94 1
-2.84348 9.8554 2.67704 0.0565685
-2.82767 10.0448 2.61477 0.04
-2.9471 10.1711 2.71363 0.04
-3.14187 10.1775 2.75864 0.04
-3.28549 10.3002 2.82432 0.04
-3.41743 10.3542 2.9646 0.04
34 10 0 blue
-2.7777 9.95051 2.84022 0.04
-2.93009 10.0426 2.93125 0.04
-3.08526 10.0767 3.05276 0.04
-3.20239 10.1263 3.2071 0.04
-3.29846 10.1819 3.37347 0.04
-3.40493 10.2366 3.5337 0.04
-3.50862 10.3 3.69252 0.04
-3.58975 10.382 3.85594 0.04
-3.63723 10.4807 4.02328 0.04
-3.65575 10.5543 4.20831 0.04
35 10 0 blue
-2.44435 10.1859 3.27498 0.04
-2.31401 10.0342 3.27029 0.04
-2.21568 9.95644 3.42611 0.04
-2.09968 9.94062 3.58826 0.04
-2.02936 9.92701 3.77499 0.04
-1.92823 9.86031 3.93413 0.04
-1.83741 9.8216 4.10806 0.04
-1.77376 9.75594 4.28593 0.04
-1.7334 9.68306 4.46775 0.04
-1.70855 9.63265 4.65969 0.04
36 28 0 blue
-2.77764 8.61613 -2.5948 0.08
-2.77793 8.8043 -2.66256 0.08
-2.72911 8.88993 -2.83659 0.08
-2.68213 8.98352 -3.00698 0.08
-2.65316 9.08156 -3.17888 0.08
-2.64574 9.19681 -3.34216 0.08
-2.74201 9.33144 -3.45444 0.08
-2.92627 9.40466 -3.42821 0.08
-3.08674 9.51882 -3.39332 0.08
-3.21283 9.67005 -3.35828 0.08
-3.34456 9.81645 -3.32341 0.069282
-3.48428 9.95052 -3.27338 0.069282
-3.53558 10.1372 -3.22319 0.069282
-3.49033 10.332 -3.2188 0.069282
-3.43702 10.522 -3.25121 0.069282
-3.41216 10.7135 -3.30324 0.069282
-3.42274 10.9057 -3.35764 0.069282
-3.41307 11.1002 -3.40296 0.069282
-3.36929 11.2942 -3.42393 0.069282
-3.32075 11.4853 -3.45788 0.0565685
-3.25943 11.6753 -3.46984 0.0565685
-3.18952 11.8614 -3.44823 0.0565685
-3.12335 12.049 -3.42776 0.0565685
-3.05899 12.2378 -3.4129 0.0565685
-3.00625 12.4302 -3.39958 0.0565685
-2.9816 12.6253 -3.36281 0.04
-2.91841 12.7876 -3.46109 0.04
-2.84031 12.7634 -3.64361 0.04
37 11 1 blue
95 1
-3.04548 8.34546 -3.03584 0.0565685
-3.02674 8.44238 -3.20978 0.04
-2.93098 8.36181 -3.36579 0.04
-2.8259 8.22694 -3.46954 0.04
-2.72587 8.09291 -3.57923 0.04
-2.65377 7.96274 -3.71287 0.04
-2.58338 7.85056 -3.86274 0.04
-2.51479 7.74936 -4.02102 0.04
-2.43738 7.65053 -4.17671 0.04
-2.3512 7.58986 -4.34669 0.04
-2.28185 7.54908 -4.52979 0.04
38 11 0 blue
-3.28976 8.09411 -3.2282 0.0565685
-3.16913 7.9639 -3.32038 0.0565685
-3.10587 7.84191 -3.4657 0.0565685
-3.14209 7.71366 -3.61483 0.0565685
-3.18711 7.58938 -3.76492 0.0565685
-3.22731 7.47548 -3.92433 0.0565685
-3.28474 7.36098 -4.07792 0.0565685
-3.35274 7.24553 -4.22641 0.0565685
-3.40431 7.12656 -4.37867 0.0565685
-3.50607 7.02296 -4.5162 0.04
-3.67636 6.97382 -4.42354 0.04
39 4 0 blue
-3.44687 7.98896 -3.29345 0.04
-3.52274 7.9746 -3.10896 0.04
-3.65048 8.06022 -2.98108 0.04
-3.80005 8.16462 -3.06312 0.04
40 5 0 blue
-3.94912 7.75447 -3.51356 0.04
-4.08915 7.88795 -3.46284 0.04
-4.28039 7.93475 -3.49803 0.04
-4.4617 8.0076 -3.54066 0.04
-4.63335 8.08912 -3.60304 0.04
41 17 2 blue
96 2
97 5
-3.89503 8.92921 -1.16458 0.12
-4.04074 8.80907 -1.09875 0.113137
-4.21656 8.71777 -1.07135 0.069282
-4.41543 8.71471 -1.05027 0.069282
-4.60422 8.76918 -1.013 0.069282
-4.76163 8.83869 -0.911072 0.04
-4.89839 8.91011 -0.783802 0.04
-5.01996 9.02313 -0.672238 0.04
-5.13858 9.15006 -0.573155 0.04
-5.2296 9.31354 -0.50252 0.04
-5.39289 9.41724 -0.45168 0.04
-5.51243 9.50917 -0.320302 0.04
-5.62064 9.61245 -0.18755 0.04
-5.72281 9.71697 -0.0510337 0.04
-5.82555 9.82105 0.0853929 0.04
-5.92963 9.92408 0.221595 0.04
-6.00225 10.052 0.35707 0.04
42 8 1 blue
98 3
-4.16692 9.03217 -1.43872 0.0565685
-4.26079 9.16374 -1.32091 0.0565685
-4.29597 9.36051 -1.31423 0.0565685
-4.34173 9.54118 -1.24167 0.04
-4.41465 9.69093 -1.13095 0.04
-4.53442 9.77284 -0.993306 0.04
-4.65201 9.86754 -0.86214 0.04
-4.77462 9.97052 -0.742299 0.04
43 18 1 blue
99 10
-4.29715 9.08289 -1.58178 0.08
-4.45164 8.9559 -1.58404 0.08
-4.55178 8.85889 -1.72743 0.08
-4.5811 8.75207 -1.89395 0.08
-4.6124 8.64751 -2.06154 0.08
-4.64049 8.51825 -2.21155 0.08
-4.68393 8.36118 -2.3275 0.08
-4.73913 8.19449 -2.42325 0.08
-4.77973 8.02115 -2.51437 0.08
-4.83886 7.85935 -2.61599 0.08
-4.90708 7.69067 -2.69901 0.0565685
-4.98653 7.51999 -2.7665 0.0565685
-5.02853 7.33999 -2.8429 0.0565685
-5.09949 7.15876 -2.88895 0.0565685
-5.16953 6.97722 -2.93516 0.0565685
-5.26165 6.80472 -2.9771 0.0565685
-5.35708 6.63319 -3.01545 0.04
-5.3653 6.43506 -2.98949 0.04
44 12 0 blue
-4.38533 9.14233 -1.75117 0.04
-4.3 9.01515 -1.87979 0.04
-4.28153 8.90004 -2.0423 0.04
-4.30297 8.77988 -2.20073 0.04
-4.33026 8.66814 -2.36434 0.04
-4.37825 8.53423 -2.50493 0.04
-4.40971 8.38992 -2.63978 0.04
-4.42241 8.24431 -2.7763 0.04
-4.44699 8.13195 -2.93992 0.04
-4.59758 8.13113 -3.07154 0.04
-4.76943 8.14978 -3.17212 0.04
-4.80593 8.21457 -3.35779 0.04
45 14 1 blue
100 3
-4.57519 9.503 -2.15696 0.069282
-4.75234 9.5291 -2.06789 0.069282
-4.94965 9.55262 -2.04518 0.069282
-5.12755 9.64356 -2.05434 0.0565685
-5.19075 9.83216 -2.0752 0.04
-5.23557 10.026 -2.05515 0.04
-5.26341 10.2241 -2.05696 0.04
-5.32513 10.4047 -1.99722 0.04
-5.42527 10.5637 -1.92881 0.04
-5.51709 10.7282 -1.86163 0.04
-5.60915 10.8923 -1.79369 0.04
-5.7017 11.0552 -1.72374 0.04
-5.78785 11.2335 -1.69598 0.04
-5.86051 11.3875 -1.801 0.04
46 17 1 blue
101 8
-4.64524 10.0074 -2.46598 0.069282
-4.81085 10.0885 -2.3886 0.069282
-4.94498 10.2241 -2.32841 0.069282
-5.00445 10.4018 -2.39835 0.069282
-5.0935 10.5465 -2.50385 0.069282
-5.19208 10.6898 -2.60257 0.069282
-5.22967 10.8621 -2.697 0.069282
-5.24769 11.0489 -2.76592 0.069282
-5.30044 11.2282 -2.8372 0.0565685
-5.35826 11.4054 -2.90975 0.0565685
-5.37495 11.5978 -2.96172 0.0565685
-5.39148 11.7872 -3.02366 0.04
-5.41464 11.9637 -3.11498 0.04
-5.44692 12.1041 -3.2537 0.04
-5.47001 12.2535 -3.38467 0.04
-5.48592 12.4135 -3.50348 0.04
-5.50375 12.5777 -3.61634 0.04
47 12 1 blue
102 1
-4.58882 10.2785 -2.75138 0.069282
-4.62837 10.1467 -2.89647 0.0565685
-4.66403 10.0344 -3.05805 0.0565685
-4.77101 9.97043 -3.21447 0.0565685
-4.92502 9.94585 -3.33967 0.0565685
-5.05378 9.94844 -3.49269 0.0565685
-5.15025 9.96885 -3.6667 0.0565685
-5.21288 9.9965 -3.85461 0.0565685
-5.27358 10.0466 -4.03849 0.0565685
-5.32502 10.0924 -4.22626 0.0565685
-5.35957 10.1574 -4.41221 0.04
-5.52402 10.2277 -4.50171 0.04
48 6 0 blue
-4.55442 10.4112 -2.89706 0.04
-4.46369 10.3518 -3.06512 0.04
-4.30539 10.4316 -3.15778 0.04
-4.11868 10.4751 -3.21476 0.04
-4.009 10.6236 -3.2916 0.04
-3.92399 10.8045 -3.28423 0.04
49 14 0 blue
-4.53213 10.585 -2.99343 0.04
-4.63492 10.693 -2.86015 0.04
-4.63685 10.8608 -2.75121 0.04
-4.56717 11.048 -2.76018 0.04
-4.48214 11.2278 -2.78096 0.04
-4.4113 11.4092 -2.82668 0.04
-4.35239 11.5996 -2.84288 0.04
-4.29667 11.7917 -2.84518 0.04
-4.24549 11.985 -2.84329 0.04
-4.19837 12.179 -2.83123 0.04
-4.14981 12.3723 -2.81421 0.04
-4.10391 12.5664 -2.79975 0.04
-4.07558 12.7628 -2.77451 0.04
-4.08521 12.9251 -2.65805 0.04
50 4 0 blue
-4.24378 11.1699 -3.42083 0.04
-4.22696 11.3532 -3.34243 0.04
-4.24342 11.551 -3.31835 0.04
-4.24004 11.6654 -3.4824 0.04
51 11 0 blue
-4.05914 10.1404 0.191744 0.04
-4.2206 10.0878 0.0860738 0.04
-4.38512 10.0791 -0.0273091 0.04
-4.54966 10.0702 -0.140663 0.04
-4.7142 10.0606 -0.253943 0.04
-4.90725 10.1128 -0.253071 0.04
-5.10001 10.1662 -0.25408 0.04
-5.29233 10.2206 -0.260925 0.04
-5.48469 10.275 -0.267486 0.04
-5.67711 10.3292 -0.273421 0.04
-5.86823 10.3862 -0.288567 0.04
52 10 0 blue
-3.17587 10.6164 -0.976073 0.04
-3.23717 10.7695 -0.862905 0.04
-3.19233 10.9604 -0.823697 0.04
-3.22167 11.1483 -0.885414 0.04
-3.25009 11.3346 -0.952351 0.04
-3.29938 11.5088 -1.03744 0.04
-3.3471 11.684 -1.12119 0.04
-3.39391 11.8577 -1.20857 0.04
-3.49718 11.9747 -1.33374 0.04
-3.60052 12.0915 -1.45889 0.04
53 5 0 blue
-2.14101 10.1054 -0.0653637 0.04
-1.95779 10.1489 0.00198398 0.04
-1.76116 10.1852 -0.00235804 0.04
-1.5761 10.2009 0.0718403 0.04
-1.37688 10.218 0.0672908 0.04
54 29 8 springgreen
103 8
104 9
105 9
106 12
107 14
108 16
109 18
110 19
1.00161 7.93097 -0.972409 0.169706
1.11769 7.90674 -0.811358 0.169706
1.29776 7.95829 -0.741235 0.169706
1.48402 8.02076 -0.703715 0.169706
1.67784 8.0655 -0.682959 0.169706
1.86847 8.0828 -0.624994 0.169706
2.04438 8.07183 -0.530457 0.169706
2.22101 8.03761 -0.443113 0.169706
2.39066 8.00309 -0.342971 0.164924
2.55532 7.95809 -0.23875 0.144222
2.72026 7.89718 -0.14344 0.144222
2.89759 7.82974 -0.0801309 0.144222
3.0795 7.75112 -0.0531934 0.113137
3.24399 7.64555 -0.0107782 0.113137
3.39008 7.52058 0.044346 0.0894427
3.50905 7.36413 0.0813521 0.0894427
3.63205 7.21208 0.123214 0.08
3.76831 7.07367 0.170913 0.08
3.90356 6.94344 0.239811 0.069282
4.05266 6.83679 0.319797 0.0565685
4.22866 6.75612 0.369945 0.0565685
4.40809 6.70438 0.441559 0.04
4.59383 6.68938 0.514197 0.04
4.78106 6.74269 0.560033 0.04
4.9661 6.81847 0.564213 0.04
5.1412 6.91052 0.593679 0.04
5.31878 7.00236 0.588389 0.04
5.49293 7.10065 0.59182 0.04
5.6727 7.17695 0.634936 0.04
55 36 5 springgreen
111 5
112 6
113 8
114 18
115 24
1.36672 8.1878 -1.35598 0.178885
1.55446 8.23646 -1.30713 0.178885
1.75425 8.24459 -1.31104 0.178885
1.95408 8.25298 -1.31083 0.178885
2.14998 8.29218 -1.32016 0.174356
2.34347 8.31017 -1.36745 0.132665
2.51162 8.3391 -1.4718 0.126491
2.61847 8.43723 -1.60947 0.126491
2.71936 8.54792 -1.74202 0.12
2.83091 8.64826 -1.87426 0.12
2.9548 8.69566 -2.02394 0.113137
3.08878 8.68696 -2.17218 0.113137
3.2121 8.64146 -2.32292 0.0979796
3.33942 8.57373 -2.46149 0.0979796
3.46984 8.49345 -2.59012 0.0979796
3.59401 8.40833 -2.72179 0.0979796
3.73106 8.328 -2.8433 0.0979796
3.88366 8.26214 -2.95454 0.0979796
4.04928 8.20673 -3.052 0.069282
4.22494 8.20545 -3.14763 0.0565685
4.38129 8.29347 -3.23598 0.0565685
4.55162 8.39749 -3.2489 0.0565685
4.71816 8.50723 -3.26377 0.0565685
4.8735 8.63247 -3.2773 0.0565685
5.01869 8.77 -3.27434 0.04
5.145 8.92501 -3.27018 0.04
5.21679 9.10549 -3.2225 0.04
5.24897 9.30236 -3.2082 0.04
5.19197 9.49404 -3.20485 0.04
5.20503 9.55643 -3.01528 0.04
5.14662 9.62706 -2.83752 0.04
5.06834 9.69968 -2.66841 0.04
4.99 9.77221 -2.49928 0.04
4.91156 9.84457 -2.33014 0.04
4.83288 9.9165 -2.16092 0.04
4.7797 10.0109 -1.99281 0.04
56 10 0 springgreen
1.42356 8.45789 -2.10366 0.0565685
1.22757 8.46627 -2.1426 0.0565685
1.03872 8.49906 -2.19971 0.04
0.869419 8.47082 -2.30236 0.04
0.731818 8.38251 -2.41755 0.04
0.699609 8.29485 -2.59441 0.04
0.646275 8.20761 -2.76629 0.04
0.560996 8.11423 -2.92124 0.04
0.475 8.018 -3.07403 0.04
0.395993 7.91589 -3.22677 0.04
57 16 0 springgreen
1.48035 8.50446 -2.28968 0.069282
1.47848 8.70332 -2.26846 0.069282
1.57539 8.87311 -2.31066 0.069282
1.61818 9.03855 -2.41457 0.0565685
1.60415 9.1637 -2.56994 0.0565685
1.56067 9.27851 -2.72784 0.0565685
1.49176 9.3839 -2.88321 0.0565685
1.375 9.45602 -3.0287 0.0565685
1.24614 9.56073 -3.14019 0.0565685
1.11691 9.66734 -3.24944 0.0565685
0.988765 9.77617 -3.35776 0.0565685
0.862505 9.89629 -3.45589 0.0565685
0.750729 10.0207 -3.56557 0.04
0.619964 10.1679 -3.60074 0.04
0.501179 10.3279 -3.618 0.04
0.38267 10.4881 -3.6349 0.04
58 14 0 springgreen
1.55184 8.5316 -2.47449 0.0894427
1.71927 8.63641 -2.44319 0.0894427
1.91526 8.61183 -2.47456 0.08
2.09579 8.52581 -2.47126 0.08
2.2098 8.38629 -2.55806 0.08
2.32102 8.24416 -2.64424 0.069282
2.46314 8.12283 -2.71553 0.069282
2.58387 7.99956 -2.81667 0.0565685
2.71263 7.88852 -2.92199 0.0565685
2.85039 7.8073 -3.04209 0.04
3.00282 7.75279 -3.15954 0.04
3.16384 7.7192 -3.27331 0.04
3.32478 7.76247 -3.38387 0.04
3.51722 7.74221 -3.3333 0.04
59 9 0 springgreen
1.62697 8.53436 -2.65982 0.04
1.78538 8.63387 -2.73057 0.04
1.77867 8.78508 -2.8613 0.04
1.78263 8.89613 -3.02759 0.04
1.81404 9.00409 -3.193 0.04
1.8926 9.10988 -3.34345 0.04
1.99069 9.21538 -3.48219 0.04
2.13306 9.32602 -3.56872 0.04
2.26143 9.45837 -3.64621 0.04
60 6 0 springgreen
1.67827 8.43074 -3.03936 0.04
1.55152 8.54882 -3.13931 0.04
1.44415 8.66824 -3.25851 0.04
1.32728 8.73546 -3.40624 0.04
1.20495 8.8594 -3.5046 0.04
1.0903 8.7976 -3.65638 0.04
61 21 4 springgreen
116 3
117 8
118 9
119 17
1.7026 8.30829 -3.19561 0.126491
1.75293 8.2755 -3.38638 0.126491
1.62864 8.25952 -3.54226 0.126491
1.56365 8.24641 -3.73095 0.12
1.52343 8.25281 -3.92676 0.12
1.54845 8.25966 -4.12507 0.12
1.60477 8.26264 -4.31695 0.113137
1.65185 8.26788 -4.51126 0.113137
1.72155 8.27713 -4.69849 0.08
1.78618 8.30476 -4.88574 0.069282
1.90923 8.36648 -5.03082 0.069282
2.05799 8.49993 -5.03871 0.069282
2.19978 8.64086 -5.04449 0.069282
2.33758 8.78526 -5.05719 0.069282
2.46209 8.9376 -5.09311 0.069282
2.58384 9.09481 -5.11459 0.069282
2.69372 9.26173 -5.10645 0.0565685
2.81615 9.41987 -5.10523 0.04
2.97916 9.47871 -5.0054 0.04
3.09047 9.51367 -4.84295 0.04
3.21178 9.53458 -4.68533 0.04
62 5 0 springgreen
1.81842 7.99821 -3.41971 0.04
1.91254 7.90056 -3.27272 0.04
1.84844 7.77897 -3.12743 0.04
1.78674 7.85474 -2.95293 0.04
1.76593 7.91141 -2.76225 0.04
63 5 0 springgreen
1.92475 7.67844 -3.63253 0.04
2.05907 7.5698 -3.53175 0.04
2.22852 7.46727 -3.55958 0.04
2.40013 7.55003 -3.62041 0.04
2.56374 7.66152 -3.64869 0.04
64 17 2 springgreen
120 6
121 10
1.94521 7.53092 -3.76602 0.0979796
2.10556 7.60196 -3.86215 0.0979796
2.2274 7.67678 -4.002 0.0979796
2.35903 7.69956 -4.15084 0.0894427
2.46966 7.7133 -4.31689 0.0894427
2.58732 7.74565 -4.47535 0.0894427
2.71488 7.80244 -4.61854 0.08
2.83384 7.89432 -4.75048 0.08
2.93499 8.03633 -4.84847 0.08
3.03844 8.20255 -4.8893 0.069282
3.14246 8.37034 -4.92135 0.0565685
3.25832 8.53136 -4.94682 0.0565685
3.35174 8.7082 -4.9474 0.04
3.41458 8.88978 -4.89192 0.04
3.45277 9.01543 -4.74107 0.04
3.45362 9.15944 -4.60228 0.04
3.47153 9.29996 -4.4611 0.04
65 14 0 springgreen
1.92176 7.38853 -3.9045 0.0565685
2.0497 7.24265 -3.85604 0.0565685
2.13931 7.09159 -3.95172 0.0565685
2.21936 6.99827 -4.10946 0.0565685
2.27792 6.92959 -4.28793 0.0565685
2.35414 6.87895 -4.46577 0.0565685
2.41211 6.84523 -4.65419 0.0565685
2.50996 6.818 -4.82648 0.0565685
2.56627 6.80636 -5.01803 0.0565685
2.60642 6.8028 -5.21393 0.0565685
2.66176 6.80365 -5.40612 0.04
2.69317 6.8265 -5.60231 0.04
2.75169 6.86337 -5.78997 0.04
2.86218 7.0255 -5.82882 0.04
66 4 0 springgreen
1.74754 7.07005 -4.07183 0.04
1.64553 7.01668 -3.90829 0.04
1.45098 6.97472 -3.8886 0.04
1.28763 6.93451 -3.99678 0.04
67 5 0 springgreen
1.40728 6.37788 -4.69933 0.04
1.45483 6.20626 -4.60832 0.04
1.42048 6.01482 -4.56171 0.04
1.32388 5.85309 -4.62888 0.04
1.18712 5.70731 -4.6356 0.04
68 4 0 springgreen
1.23509 6.20182 -5.00778 0.04
1.15924 6.01973 -4.97476 0.04
1.00389 5.89667 -4.94785 0.04
0.849326 5.77263 -4.92095 0.04
69 4 0 springgreen
0.97988 6.23858 -5.54606 0.04
1.13777 6.25156 -5.66813 0.04
1.26024 6.28311 -5.82307 0.04
1.38767 6.32961 -5.97004 0.04
70 5 0 springgreen
0.862913 6.2723 -5.70475 0.04
0.864276 6.09904 -5.80464 0.04
0.765139 5.98457 -5.93528 0.04
0.646589 5.91082 -6.07849 0.04
0.526436 5.88399 -6.2361 0.04
71 5 0 springgreen
0.552222 6.34466 -5.94572 0.04
0.489724 6.50829 -5.8492 0.04
0.39003 6.67863 -5.81684 0.04
0.286405 6.84512 -5.85611 0.04
0.153972 6.96962 -5.77269 0.04
72 20 3 springgreen
122 8
123 11
124 13
0.817921 9.04529 0.435098 0.132665
0.65346 9.15405 0.46863 0.132665
0.529113 9.1802 0.623076 0.132665
0.383542 9.2311 0.750428 0.132665
0.269091 9.3303 0.881041 0.132665
0.163914 9.44092 1.01028 0.126491
0.0603127 9.51638 1.16381 0.126491
-0.0426241 9.57071 1.32645 0.126491
-0.14647 9.5751 1.49732 0.113137
-0.243608 9.57729 1.67213 0.113137
-0.351325 9.56016 1.83978 0.113137
-0.462474 9.55192 2.00584 0.10583
-0.572222 9.55179 2.17304 0.10583
-0.684453 9.53997 2.33816 0.0565685
-0.816702 9.51645 2.48634 0.0565685
-0.982197 9.47051 2.58881 0.0565685
-1.16464 9.38856 2.58819 0.0565685
-1.35654 9.33341 2.59971 0.0565685
-1.55367 9.29996 2.59535 0.04
-1.68483 9.32324 2.44617 0.04
73 31 2 springgreen
125 10
126 12
0.915338 9.14949 0.575285 0.132665
0.82471 9.06377 0.731612 0.132665
0.725693 8.97242 0.879436 0.132665
0.607655 8.97277 1.04089 0.132665
0.559113 8.93818 1.2318 0.132665
0.576095 8.92426 1.43059 0.132665
0.555192 8.8921 1.62688 0.132665
0.455239 8.81268 1.78083 0.132665
0.31287 8.72485 1.89045 0.132665
0.161484 8.63937 1.98933 0.132665
0.00188072 8.5606 2.08054 0.0979796
-0.155973 8.47708 2.17059 0.0979796
-0.321879 8.39621 2.24763 0.08
-0.468058 8.30318 2.34751 0.069282
-0.568522 8.25571 2.5138 0.069282
-0.584333 8.31302 2.70476 0.069282
-0.61947 8.364 2.89494 0.0565685
-0.676936 8.4114 3.08054 0.0565685
-0.759771 8.44526 3.25941 0.0565685
-0.838968 8.43625 3.44284 0.0565685
-0.913422 8.43004 3.62836 0.0565685
-0.957805 8.41915 3.82307 0.0565685
-0.985753 8.41451 4.02105 0.04
-1.02931 8.45945 4.21101 0.04
-1.06446 8.57262 4.37212 0.04
-1.11712 8.695 4.52128 0.04
-1.16361 8.81627 4.67337 0.04
-1.20868 8.93504 4.82785 0.04
-1.24106 9.05108 4.9875 0.04
-1.26165 9.16515 5.15048 0.04
-1.26458 9.25899 5.32707 0.04
74 20 5 springgreen
127 1
128 6
129 11
130 13
131 15
1.29443 9.43354 0.942274 0.10583
1.30443 9.30415 1.09445 0.0979796
1.36858 9.20666 1.25688 0.0979796
1.44205 9.103 1.41133 0.0979796
1.53221 8.98407 1.54447 0.0979796
1.61347 8.87436 1.69062 0.0979796
1.67721 8.78759 1.85916 0.0894427
1.75164 8.7052 2.02552 0.0894427
1.86098 8.64018 2.17985 0.0894427
1.99433 8.56621 2.30925 0.0894427
2.13422 8.50672 2.43922 0.0894427
2.28916 8.43862 2.54579 0.069282
2.45347 8.36952 2.63648 0.069282
2.59636 8.28842 2.75053 0.0565685
2.72076 8.18846 2.87107 0.0565685
2.83827 8.1014 3.0075 0.04
2.95838 8.01164 3.13986 0.04
3.12699 7.9504 3.22828 0.04
3.31402 7.88072 3.24106 0.04
3.50904 7.84845 3.2715 0.04
75 22 3 springgreen
132 6
133 7
134 9
1.41405 9.51832 1.0783 0.0979796
1.48023 9.67772 0.977239 0.0979796
1.55279 9.84351 0.892102 0.0979796
1.64355 10.0128 0.836349 0.0979796
1.73176 10.1923 0.838871 0.0894427
1.84981 10.3479 0.881767 0.0894427
1.99423 10.4726 0.941652 0.08
2.17354 10.5544 0.975719 0.069282
2.36186 10.6084 1.01592 0.069282
2.54375 10.548 1.07305 0.0565685
2.7041 10.4451 1.13393 0.0565685
2.85027 10.3089 1.14313 0.0565685
2.97802 10.1591 1.10802 0.04
3.15063 10.0846 1.17617 0.04
3.30946 10.0144 1.27542 0.04
3.47628 9.93594 1.353 0.04
3.65082 9.89013 1.43922 0.04
3.83111 9.86309 1.52148 0.04
4.01055 9.87129 1.60943 0.04
4.1871 9.94739 1.66452 0.04
4.35671 9.98665 1.76297 0.04
4.4433 10.1318 1.65609 0.04
76 20 2 springgreen
135 11
136 15
1.72623 9.70729 2.79692 0.08
1.58762 9.84324 2.84491 0.08
1.49823 9.93421 2.99897 0.08
1.46626 10.0181 3.17768 0.08
1.44007 10.1124 3.35211 0.08
1.41291 10.2082 3.52554 0.08
1.38241 10.3139 3.69257 0.08
1.37583 10.4261 3.85804 0.08
1.39126 10.55 4.01421 0.08
1.39866 10.6909 4.15603 0.08
1.37896 10.8406 4.28712 0.08
1.34336 11.0111 4.38554 0.0565685
1.26524 11.1751 4.46914 0.0565685
1.18206 11.3467 4.52943 0.0565685
1.11052 11.5159 4.60859 0.0565685
1.04751 11.6924 4.67841 0.04
0.984903 11.8652 4.75727 0.04
0.901932 12.0233 4.84739 0.04
0.807152 12.1987 4.86331 0.04
0.685732 12.3155 4.75555 0.04
77 14 2 springgreen
137 6
138 8
2.04894 9.83656 3.28064 0.069282
1.9436 9.77608 3.43953 0.069282
1.86048 9.74186 3.6182 0.069282
1.83981 9.74377 3.81711 0.069282
1.88684 9.82576 3.99337 0.069282
1.95433 9.95087 4.13406 0.069282
2.01646 10.0802 4.27336 0.0565685
2.06627 10.1923 4.43137 0.0565685
2.10696 10.2924 4.59966 0.04
2.1624 10.354 4.78167 0.04
2.19739 10.3383 4.97796 0.04
2.19702 10.152 5.05054 0.04
2.19189 9.95291 5.06939 0.04
2.20953 9.80171 4.93967 0.04
78 8 0 springgreen
2.47762 9.89433 3.69308 0.04
2.6196 10.021 3.63136 0.04
2.7079 10.1799 3.54802 0.04
2.8404 10.3169 3.48736 0.04
2.98771 10.4496 3.46147 0.04
3.13391 10.5828 3.43141 0.04
3.26698 10.7308 3.41191 0.04
3.45862 10.7879 3.40933 0.04
79 8 0 springgreen
2.96755 9.80304 4.31633 0.04
3.10796 9.69601 4.22237 0.04
3.29656 9.62944 4.22157 0.04
3.49381 9.61265 4.25 0.04
3.67805 9.67454 4.29718 0.04
3.85382 9.76501 4.32751 0.04
4.02338 9.86585 4.36039 0.04
4.16554 10.0065 4.35832 0.04
80 6 0 springgreen
3.2142 9.84214 4.62755 0.04
3.13457 9.71736 4.76205 0.04
3.02451 9.66996 4.92217 0.04
2.95784 9.67398 5.11069 0.04
2.9189 9.68345 5.30663 0.04
2.7725 9.63122 5.43248 0.04
81 10 0 springgreen
1.60166 10.619 -1.59239 0.04
1.72061 10.5848 -1.43529 0.04
1.89737 10.6095 -1.34504 0.04
2.09227 10.6505 -1.32695 0.04
2.28514 10.7018 -1.34021 0.04
2.47549 10.7577 -1.36555 0.04
2.66035 10.8289 -1.3931 0.04
2.82985 10.9118 -1.45938 0.04
2.98639 11.0185 -1.52356 0.04
3.14641 11.1297 -1.56838 0.04
82 17 0 springgreen
1.74657 10.7294 -1.67495 0.0565685
1.61669 10.8138 -1.8015 0.0565685
1.51216 10.9023 -1.94724 0.0565685
1.45603 11.047 -2.07339 0.0565685
1.49333 11.161 -2.23342 0.0565685
1.54413 11.2675 -2.39487 0.0565685
1.64099 11.3446 -2.55194 0.04
1.67071 11.4299 -2.7304 0.04
1.70474 11.4861 -2.91929 0.04
1.72849 11.5238 -3.11427 0.04
1.75227 11.5616 -3.30922 0.04
1.79676 11.6048 -3.49936 0.04
1.81288 11.5944 -3.69844 0.04
1.84 11.6409 -3.89107 0.04
1.87688 11.6674 -4.08585 0.04
1.93359 11.6743 -4.27752 0.04
1.95364 11.7108 -4.47313 0.04
83 20 0 springgreen
2.02705 10.9164 -1.88994 0.069282
2.18173 10.8806 -1.76831 0.069282
2.34079 10.997 -1.73428 0.069282
2.47018 11.1485 -1.75125 0.069282
2.59969 11.3006 -1.7609 0.069282
2.73326 11.4484 -1.77886 0.069282
2.86436 11.5964 -1.80919 0.069282
2.99546 11.7438 -1.84178 0.069282
3.11503 11.8912 -1.90497 0.069282
3.23498 12.0379 -1.96895 0.069282
3.34872 12.1932 -2.02319 0.069282
3.5238 12.2768 -1.9746 0.069282
3.68711 12.3654 -1.90064 0.069282
3.82657 12.4392 -1.77774 0.069282
3.95138 12.4943 -1.63149 0.0565685
4.07057 12.5451 -1.47914 0.0565685
4.15163 12.5806 -1.29978 0.04
4.19035 12.5663 -1.10408 0.04
4.22194 12.5218 -0.911685 0.04
4.3218 12.5497 -0.740676 0.04
84 9 0 springgreen
2.2524 11.0775 -2.17734 0.04
2.32821 11.2463 -2.10158 0.04
2.34822 11.4326 -2.03166 0.04
2.36822 11.6189 -1.96174 0.04
2.39802 11.8161 -1.94633 0.04
2.43626 12.0059 -1.99646 0.04
2.47451 12.1957 -2.04659 0.04
2.51275 12.3855 -2.09672 0.04
2.55099 12.5753 -2.14685 0.04
85 5 0 springgreen
2.43617 11.1319 -2.73642 0.04
2.63137 11.0961 -2.71149 0.04
2.818 11.0494 -2.7661 0.04
2.94199 11.0089 -2.91771 0.04
3.08136 11.0201 -3.06071 0.04
86 4 0 springgreen
-0.5616 10.1355 0.34835 0.04
-0.490569 10.308 0.420414 0.04
-0.439329 10.481 0.506734 0.04
-0.417773 10.649 0.613055 0.04
87 4 0 springgreen
0.688168 12.2351 0.607825 0.04
0.880593 12.1878 0.634934 0.04
1.03393 12.2521 0.746095 0.04
1.17358 12.3744 0.820432 0.04
88 4 0 springgreen
-0.30303 13.3509 -2.02583 0.04
-0.438694 13.2708 -2.14903 0.04
-0.599657 13.1874 -2.23348 0.04
-0.758864 13.0958 -2.31262 0.04
89 12 0 springgreen
-0.620778 12.7604 0.645474 0.04
-0.665613 12.6737 0.820037 0.04
-0.501114 12.7292 0.919312 0.04
-0.372515 12.8305 1.03421 0.04
-0.300557 12.9716 1.15637 0.04
-0.36277 13.0377 1.33458 0.04
-0.455684 12.9888 1.50478 0.04
-0.544254 12.95 1.67985 0.04
-0.63277 12.9228 1.85714 0.04
-0.721156 12.882 2.03183 0.04
-0.799821 12.8606 2.21446 0.04
-0.862186 12.8925 2.40179 0.04
90 4 0 springgreen
-0.780886 13.2869 0.877269 0.04
-0.61807 13.4004 0.852464 0.04
-0.505469 13.5563 0.797711 0.04
-0.362927 13.6857 0.851942 0.04
91 4 0 springgreen
-1.21515 13.5472 1.11605 0.04
-1.3297 13.6775 1.01651 0.04
-1.4701 13.8019 1.08595 0.04
-1.59106 13.9143 1.19874 0.04
92 7 0 springgreen
-4.03215 8.50578 2.71989 0.04
-4.01916 8.48569 2.91845 0.04
-4.05603 8.51026 3.11348 0.04
-4.09655 8.52758 3.30857 0.04
-4.13937 8.54774 3.50289 0.04
-4.18612 8.5715 3.69589 0.04
-4.21602 8.60646 3.89053 0.04
93 4 0 springgreen
-5.23822 8.9966 2.39476 0.04
-5.27655 9.062 2.57984 0.04
-5.29985 9.12451 2.76839 0.04
-5.25532 9.17018 2.95794 0.04
94 4 0 springgreen
-2.82767 10.0448 2.61477 0.04
-2.62976 10.0288 2.59076 0.04
-2.43184 10.0129 2.56676 0.04
-2.23393 9.9969 2.54276 0.04
95 7 0 springgreen
-3.02674 8.44238 -3.20978 0.04
-3.1827 8.5597 -3.25352 0.04
-3.30748 8.65431 -3.37793 0.04
-3.43238 8.7489 -3.50224 0.04
-3.55751 8.84346 -3.62634 0.04
-3.68315 8.93796 -3.74998 0.04
-3.75494 9.02143 -3.91694 0.04
96 18 1 springgreen
139 5
-4.21656 8.71777 -1.07135 0.0894427
-4.21975 8.55216 -1.18344 0.0894427
-4.25222 8.38572 -1.28947 0.0894427
-4.32059 8.20587 -1.34407 0.0894427
-4.38821 8.02712 -1.40302 0.0894427
-4.46512 7.84668 -1.44209 0.08
-4.56171 7.67174 -1.45024 0.08
-4.67761 7.51156 -1.4201 0.069282
-4.80989 7.36995 -1.37061 0.069282
-4.96057 7.23856 -1.37619 0.069282
-5.12907 7.13156 -1.38885 0.0565685
-5.26217 7.06585 -1.52289 0.04
-5.37465 7.0538 -1.68782 0.04
-5.55048 7.08377 -1.7783 0.04
-5.73134 7.12253 -1.85436 0.04
-5.91681 7.17022 -1.91204 0.04
-6.11418 7.19824 -1.92819 0.04
-6.30394 7.19506 -1.86511 0.04
97 12 0 springgreen
-4.76163 8.83869 -0.911072 0.0565685
-4.82822 8.65432 -0.871405 0.0565685
-4.93907 8.50333 -0.801303 0.0565685
-5.06755 8.37576 -0.716339 0.0565685
-5.19615 8.24963 -0.629427 0.0565685
-5.31914 8.10853 -0.558974 0.0565685
-5.43989 7.95486 -0.516519 0.0565685
-5.55733 7.794 -0.498218 0.04
-5.65357 7.61868 -0.497325 0.04
-5.76083 7.4499 -0.494788 0.04
-5.89459 7.31579 -0.559006 0.04
-6.0525 7.19509 -0.581255 0.04
98 4 0 springgreen
-4.34173 9.54118 -1.24167 0.04
-4.19435 9.66967 -1.28373 0.04
-4.04696 9.79816 -1.32578 0.04
-3.9081 9.9383 -1.35861 0.04
99 4 0 springgreen
-4.90708 7.69067 -2.69901 0.04
-5.09516 7.74736 -2.66147 0.04
-5.28667 7.77943 -2.61354 0.04
-5.47821 7.81104 -2.56543 0.04
100 5 0 springgreen
-5.12755 9.64356 -2.05434 0.04
-5.24888 9.54082 -2.17567 0.04
-5.3703 9.43806 -2.29691 0.04
-5.49191 9.33527 -2.41792 0.04
-5.60315 9.23426 -2.54993 0.04
101 4 0 springgreen
-5.30044 11.2282 -2.8372 0.04
-5.4754 11.1702 -2.91479 0.04
-5.64664 11.0925 -2.98299 0.04
-5.71626 10.9248 -2.89916 0.04
102 4 0 springgreen
-4.62837 10.1467 -2.89647 0.04
-4.44689 10.0649 -2.91598 0.04
-4.25879 9.99702 -2.91847 0.04
-4.2551 9.9575 -3.11449 0.04
103 4 0 magenta
2.39066 8.00309 -0.342971 0.04
2.50831 8.16481 -0.34144 0.04
2.42445 8.23867 -0.175573 0.04
2.37088 8.26922 0.0146828 0.04
104 12 0 magenta
2.55532 7.95809 -0.23875 0.069282
2.49684 8.02202 -0.0584926 0.069282
2.44453 8.06823 0.128936 0.069282
2.41315 8.09817 0.324175 0.0565685
2.36631 8.13494 0.515105 0.0565685
2.29589 8.20237 0.68973 0.0565685
2.21552 8.31199 0.83644 0.0565685
2.14243 8.43872 0.972816 0.0565685
2.07655 8.56762 1.11081 0.04
2.0539 8.48812 1.29293 0.04
2.07846 8.37705 1.45743 0.04
2.08189 8.28439 1.63464 0.04
105 10 0 magenta
2.55532 7.95809 -0.23875 0.04
2.64225 7.87456 -0.398331 0.04
2.75193 7.75468 -0.514945 0.04
2.88126 7.62055 -0.587612 0.04
2.9818 7.48232 -0.691465 0.04
3.17616 7.43879 -0.673362 0.04
3.35173 7.3554 -0.626215 0.04
3.47404 7.21143 -0.560552 0.04
3.54254 7.02379 -0.550549 0.04
3.61356 6.83809 -0.528798 0.04
106 14 0 magenta
3.0795 7.75112 -0.0531934 0.0894427
3.18002 7.88944 0.0505682 0.08
3.30947 8.013 0.139869 0.069282
3.45453 8.07179 0.264378 0.069282
3.60912 8.1496 0.364615 0.0565685
3.74727 8.2376 0.479373 0.0565685
3.91306 8.24997 0.590546 0.04
4.09699 8.21408 0.660431 0.04
4.25069 8.1187 0.57512 0.04
4.40096 8.01586 0.492399 0.04
4.54535 7.89242 0.429843 0.04
4.68809 7.76436 0.373042 0.04
4.83567 7.64578 0.30856 0.04
4.99256 7.60867 0.190194 0.04
107 17 0 magenta
3.39008 7.52058 0.044346 0.069282
3.39853 7.55335 0.241462 0.069282
3.45383 7.55908 0.433581 0.069282
3.53649 7.58751 0.613467 0.069282
3.64011 7.57209 0.783833 0.069282
3.74559 7.48659 0.930677 0.0565685
3.84865 7.34923 1.03321 0.0565685
3.89796 7.16945 1.10565 0.0565685
4.01536 7.09587 1.24988 0.0565685
4.11309 7.00788 1.40057 0.0565685
4.24069 6.92785 1.53216 0.0565685
4.38528 6.85991 1.65247 0.0565685
4.53569 6.79831 1.76902 0.0565685
4.68707 6.74632 1.88894 0.04
4.84617 6.71831 2.00685 0.04
5.04388 6.73628 2.03108 0.04
5.21793 6.83103 2.0581 0.04
108 6 0 magenta
3.63205 7.21208 0.123214 0.04
3.5927 7.0797 -0.0214479 0.04
3.5846 6.9091 -0.125519 0.04
3.66745 6.74637 -0.207109 0.04
3.83251 6.63499 -0.225747 0.04
4.01739 6.56227 -0.248788 0.04
109 10 0 magenta
3.90356 6.94344 0.239811 0.04
3.80062 6.82653 0.365255 0.04
3.85347 6.80151 0.556516 0.04
3.91778 6.74965 0.738653 0.04
4.048 6.67161 0.868859 0.04
4.16205 6.57731 1.0034 0.04
4.26727 6.50761 1.15855 0.04
4.38265 6.45712 1.31391 0.04
4.50459 6.40734 1.46442 0.04
4.63199 6.40427 1.61856 0.04
110 15 0 magenta
4.05266 6.83679 0.319797 0.04
4.05034 6.71266 0.163 0.04
4.11613 6.5243 0.149202 0.04
4.28232 6.41885 0.113675 0.04
4.45968 6.36102 0.0415806 0.04
4.62183 6.31572 -0.0663813 0.04
4.79058 6.28594 -0.16952 0.04
4.9065 6.37332 -0.307092 0.04
5.03328 6.46274 -0.433305 0.04
5.20674 6.45746 -0.532718 0.04
5.3756 6.44014 -0.638499 0.04
5.53666 6.41948 -0.755256 0.04
5.70308 6.41146 -0.865887 0.04
5.84245 6.37934 -1.00569 0.04
5.99149 6.35984 -1.13762 0.04
111 25 5 magenta
140 13
141 16
142 17
143 18
144 20
2.34347 8.31017 -1.36745 0.113137
2.4415 8.1813 -1.25005 0.113137
2.55732 8.01873 -1.23755 0.113137
2.70731 7.8898 -1.2079 0.113137
2.85286 7.76067 -1.16162 0.113137
3.00182 7.63332 -1.12171 0.113137
3.1511 7.50538 -1.08502 0.113137
3.29914 7.37754 -1.04329 0.10583
3.42509 7.23509 -0.981282 0.10583
3.5553 7.09812 -0.915826 0.10583
3.71491 6.98154 -0.885295 0.10583
3.86864 6.85388 -0.876911 0.10583
4.04095 6.75869 -0.91227 0.10583
4.20952 6.66687 -0.968423 0.0894427
4.36929 6.57906 -1.05066 0.0894427
4.50727 6.49102 -1.1656 0.0894427
4.63048 6.413 -1.30246 0.08
4.77653 6.36513 -1.43044 0.069282
4.9193 6.32244 -1.56384 0.0565685
5.06257 6.25399 -1.68543 0.0565685
5.1969 6.16936 -1.80706 0.04
5.30173 6.04907 -1.92765 0.04
5.26178 5.9293 -2.08277 0.04
5.22358 5.80858 -2.23758 0.04
5.06835 5.75971 -2.35383 0.04
112 7 0 magenta
2.51162 8.3391 -1.4718 0.04
2.60867 8.17025 -1.51732 0.04
2.72251 8.01327 -1.56627 0.04
2.84742 7.86054 -1.59896 0.04
2.91795 7.71151 -1.71217 0.04
3.03245 7.54996 -1.68403 0.04
3.14695 7.38841 -1.65588 0.04
113 5 0 magenta
2.71936 8.54792 -1.74202 0.04
2.77739 8.69324 -1.61747 0.04
2.74089 8.88941 -1.63097 0.04
2.76142 9.0875 -1.64946 0.04
2.89341 9.19208 -1.75735 0.04
114 10 1 magenta
145 5
4.04928 8.20673 -3.052 0.069282
4.13953 8.06298 -2.94623 0.069282
4.24619 7.94737 -2.8227 0.069282
4.3694 7.84027 -2.70716 0.069282
4.48886 7.75395 -2.57196 0.069282
4.60322 7.64333 -2.45078 0.0565685
4.71574 7.52943 -2.33092 0.0565685
4.84328 7.4368 -2.20782 0.04
4.97117 7.29272 -2.15411 0.04
4.99113 7.13393 -2.27405 0.04
115 4 0 magenta
5.01869 8.77 -3.27434 0.04
5.1513 8.70261 -3.40803 0.04
5.29885 8.64548 -3.53036 0.04
5.38125 8.61744 -3.71043 0.04
116 4 0 magenta
1.56365 8.24641 -3.73095 0.04
1.37019 8.1958 -3.72731 0.04
1.18913 8.17129 -3.80867 0.04
1.03636 8.20464 -3.93335 0.04
117 14 1 magenta
146 7
1.72155 8.27713 -4.69849 0.08
1.75734 8.08366 -4.73439 0.08
1.80694 7.92891 -4.85098 0.08
1.82056 7.80902 -5.01048 0.08
1.81045 7.67315 -5.1569 0.08
1.78806 7.56026 -5.32046 0.08
1.751 7.45095 -5.4838 0.08
1.70953 7.34114 -5.64573 0.069282
1.67795 7.2321 -5.81039 0.069282
1.65072 7.127 -5.97836 0.0565685
1.59967 7.01783 -6.13797 0.04
1.54697 6.89845 -6.28953 0.04
1.45797 6.77541 -6.41969 0.04
1.31456 6.81682 -6.5528 0.04
118 4 0 magenta
1.78618 8.30476 -4.88574 0.04
1.62589 8.39367 -4.96575 0.04
1.46368 8.4948 -5.02457 0.04
1.30986 8.61107 -5.07769 0.04
119 4 0 magenta
2.81615 9.41987 -5.10523 0.04
2.93274 9.35212 -5.25293 0.04
3.08065 9.30133 -5.3776 0.04
3.26098 9.27793 -5.46087 0.04
120 6 0 magenta
2.71488 7.80244 -4.61854 0.04
2.8088 7.63166 -4.66341 0.04
2.88275 7.46953 -4.75422 0.04
2.96982 7.32323 -4.85917 0.04
3.00052 7.29371 -5.05458 0.04
3.03122 7.26418 -5.24999 0.04
121 6 0 magenta
3.14246 8.37034 -4.92135 0.04
3.19566 8.32933 -5.10973 0.04
3.28855 8.40873 -5.26806 0.04
3.30821 8.57076 -5.38364 0.04
3.34682 8.73805 -5.48624 0.04
3.41549 8.91385 -5.55241 0.04
122 16 0 magenta
-0.14647 9.5751 1.49732 0.0565685
-0.0404387 9.7202 1.5851 0.0565685
0.0801847 9.85265 1.67402 0.0565685
0.0749175 9.79372 1.86507 0.0565685
0.0176636 9.81925 2.05499 0.0565685
-0.0193634 9.89666 2.23564 0.0565685
-0.0320744 9.96871 2.42178 0.0565685
-0.0280454 10.0615 2.59892 0.0565685
-0.0177755 10.164 2.77036 0.0565685
-0.0220074 10.2658 2.94242 0.0565685
-0.026768 10.3805 3.10619 0.0565685
-0.043546 10.4943 3.26986 0.04
-0.124876 10.5922 3.42413 0.04
-0.241094 10.6815 3.56016 0.04
-0.371057 10.7522 3.69477 0.04
-0.478675 10.8771 3.80797 0.04
123 5 0 magenta
-0.462474 9.55192 2.00584 0.04
-0.627471 9.47649 1.92166 0.04
-0.799085 9.37484 1.907 0.04
-0.956098 9.27239 1.97665 0.04
-0.86438 9.10315 2.03091 0.04
124 14 0 magenta
-0.684453 9.53997 2.33816 0.0894427
-0.573941 9.64523 2.46742 0.0894427
-0.538739 9.69325 2.65835 0.0894427
-0.524161 9.76857 2.84305 0.0894427
-0.525754 9.85326 3.02422 0.0894427
-0.585759 9.92938 3.19917 0.0894427
-0.677272 9.99805 3.36321 0.0894427
-0.776979 10.0866 3.51229 0.0894427
-0.879433 10.1681 3.66345 0.0894427
-0.995265 10.2314 3.8137 0.08
-1.11244 10.3005 3.96031 0.08
-1.17238 10.436 4.09472 0.08
-1.19361 10.591 4.2193 0.04
-1.16029 10.7366 4.35223 0.04
125 24 0 magenta
0.00188072 8.5606 2.08054 0.0894427
0.0992993 8.53304 2.25303 0.0894427
0.197081 8.507 2.42554 0.0894427
0.285627 8.47364 2.60174 0.0894427
0.353967 8.43569 2.78583 0.0894427
0.401473 8.39263 2.97528 0.0894427
0.413116 8.34018 3.16793 0.0894427
0.41047 8.29092 3.36175 0.0894427
0.399928 8.24708 3.5566 0.0894427
0.384991 8.20051 3.75052 0.0894427
0.351743 8.16703 3.94488 0.0894427
0.309373 8.15977 4.1402 0.08
0.277591 8.14259 4.33691 0.08
0.256013 8.10202 4.53156 0.08
0.247477 8.06409 4.72775 0.08
0.265347 8.03664 4.92505 0.069282
0.283694 8.0391 5.12419 0.069282
0.298679 8.07874 5.31965 0.0565685
0.315922 8.16438 5.49956 0.0565685
0.336465 8.30926 5.6359 0.04
0.364972 8.45661 5.76809 0.04
0.476658 8.61794 5.8068 0.04
0.641109 8.73149 5.79886 0.04
0.66853 8.92107 5.74136 0.04
126 4 0 magenta
-0.321879 8.39621 2.24763 0.0565685
-0.423963 8.37509 2.07695 0.04
-0.57663 8.27413 1.99633 0.04
-0.736252 8.15408 1.98586 0.04
127 4 0 magenta
1.30443 9.30415 1.09445 0.04
1.17458 9.38039 1.22608 0.04
1.06194 9.43155 1.38323 0.04
1.00946 9.47338 1.57163 0.04
128 7 0 magenta
1.67721 8.78759 1.85916 0.04
1.50558 8.80135 1.96091 0.04
1.36679 8.75939 2.09867 0.04
1.36585 8.67977 2.28213 0.04
1.43126 8.67081 2.47092 0.04
1.50542 8.67833 2.65651 0.04
1.57492 8.70286 2.84244 0.04
129 10 0 magenta
2.28916 8.43862 2.54579 0.0565685
2.41382 8.57801 2.47488 0.0565685
2.54457 8.72536 2.50944 0.0565685
2.71226 8.82177 2.56027 0.0565685
2.85294 8.93981 2.63951 0.04
2.9861 9.0672 2.71722 0.04
3.09137 9.21785 2.79609 0.04
3.22776 9.35244 2.85339 0.04
3.38249 9.47364 2.89042 0.04
3.5241 9.60874 2.93158 0.04
130 6 0 magenta
2.59636 8.28842 2.75053 0.04
2.73864 8.23734 2.61959 0.04
2.91985 8.26262 2.5388 0.04
3.11788 8.27384 2.51314 0.04
3.27657 8.17278 2.44529 0.04
3.25087 8.01377 2.56384 0.04
131 8 0 magenta
2.83827 8.1014 3.0075 0.04
2.69953 8.08994 3.15109 0.04
2.57063 8.06712 3.3023 0.04
2.441 8.02927 3.44983 0.04
2.30639 7.97716 3.58826 0.04
2.15171 7.88736 3.67777 0.04
1.996 7.81833 3.7826 0.04
1.83422 7.77138 3.8904 0.04
132 15 0 magenta
1.99423 10.4726 0.941652 0.04
1.92865 10.5752 1.10036 0.04
1.90693 10.6848 1.26621 0.04
1.91553 10.7827 1.4404 0.04
1.98568 10.8495 1.6154 0.04
2.02713 10.9411 1.78828 0.04
2.06856 11.0315 1.96179 0.04
2.09906 11.1293 2.13359 0.04
2.11911 11.2344 2.30255 0.04
2.14384 11.3376 2.47204 0.04
2.15036 11.4493 2.63785 0.04
2.17135 11.5409 2.81438 0.04
2.22003 11.5968 3.00014 0.04
2.26999 11.6535 3.18531 0.04
2.25773 11.6484 3.38487 0.04
133 7 0 magenta
2.17354 10.5544 0.975719 0.04
2.17092 10.7142 0.855522 0.04
2.2043 10.881 0.750259 0.04
2.24678 11.0465 0.64631 0.04
2.30143 11.2002 0.530632 0.04
2.38726 11.363 0.45235 0.04
2.4731 11.5258 0.374067 0.04
134 4 0 magenta
2.54375 10.548 1.07305 0.04
2.60154 10.6588 1.22922 0.04
2.65266 10.6853 1.42076 0.04
2.70141 10.7113 1.61296 0.04
135 4 1 magenta
147 1
1.34336 11.0111 4.38554 0.0565685
1.44985 10.9722 4.55032 0.04
1.64253 10.9962 4.59829 0.04
1.81692 11.0685 4.53229 0.04
136 4 0 magenta
1.04751 11.6924 4.67841 0.04
1.05821 11.7982 4.50903 0.04
0.943094 11.8951 4.37732 0.04
0.916007 12.0294 4.23158 0.04
137 5 0 magenta
2.01646 10.0802 4.27336 0.04
2.09728 10.2353 4.17624 0.04
2.15665 10.3879 4.06149 0.04
2.15706 10.5756 4.13067 0.04
2.15747 10.7632 4.19985 0.04
138 4 0 magenta
2.10696 10.2924 4.59966 0.04
2.14725 10.4762 4.53206 0.04
2.1624 10.6413 4.64403 0.04
2.17988 10.8064 4.75544 0.04
139 5 0 magenta
-4.46512 7.84668 -1.44209 0.04
-4.36905 7.78777 -1.60732 0.04
-4.41206 7.7207 -1.79076 0.04
-4.44226 7.67942 -1.98411 0.04
-4.461 7.63283 -2.1777 0.04
140 12 0 orange
4.20952 6.66687 -0.968423 0.0565685
4.34554 6.67965 -0.822359 0.04
4.50632 6.79858 -0.820023 0.04
4.63006 6.95322 -0.847847 0.04
4.6881 7.12572 -0.930758 0.04
4.74764 7.29636 -1.01643 0.04
4.78678 7.48092 -1.0828 0.04
4.82482 7.65948 -1.16446 0.04
4.87437 7.8358 -1.24481 0.04
4.84031 8.00411 -1.34733 0.04
4.78851 8.13756 -1.20765 0.04
4.73661 8.27101 -1.06802 0.04
141 7 0 orange
4.63048 6.413 -1.30246 0.04
4.67489 6.2439 -1.20534 0.04
4.72449 6.06912 -1.12173 0.04
4.92398 6.05658 -1.12835 0.04
5.12307 6.06026 -1.10957 0.04
5.32135 6.08478 -1.11855 0.04
5.51866 6.10174 -1.1465 0.04
142 6 0 orange
4.77653 6.36513 -1.43044 0.04
4.70467 6.48528 -1.57326 0.04
4.72405 6.61455 -1.72464 0.04
4.78125 6.68131 -1.90428 0.04
4.86908 6.63909 -2.07893 0.04
4.88788 6.56571 -2.26403 0.04
143 6 0 orange
4.9193 6.32244 -1.56384 0.04
4.82288 6.15906 -1.62716 0.04
4.75915 6.01079 -1.74528 0.04
4.77421 5.89398 -1.90693 0.04
4.79276 5.79315 -2.07865 0.04
4.82312 5.74791 -2.27109 0.04
144 4 0 orange
5.1969 6.16936 -1.80706 0.04
5.3684 6.19629 -1.70776 0.04
5.54628 6.23372 -1.62434 0.04
5.73014 6.28551 -1.56507 0.04
145 4 0 orange
4.60322 7.64333 -2.45078 0.04
4.5781 7.4638 -2.53527 0.04
4.71694 7.32434 -2.57096 0.04
4.85578 7.18487 -2.60665 0.04
146 11 0 orange
1.70953 7.34114 -5.64573 0.04
1.51384 7.36686 -5.61341 0.04
1.31715 7.39471 -5.59023 0.04
1.11879 7.41427 -5.57381 0.04
0.919231 7.41565 -5.5606 0.04
0.719665 7.40518 -5.55262 0.04
0.521242 7.38012 -5.5529 0.04
0.325815 7.40079 -5.51573 0.04
0.186755 7.52701 -5.44694 0.04
0.111493 7.7083 -5.40862 0.04
0.0363426 7.8897 -5.37059 0.04
147 8 0 orange
1.44985 10.9722 4.55032 0.04
1.36336 10.9121 4.72032 0.04
1.30105 11.0072 4.88488 0.04
1.26936 11.1053 5.05623 0.04
1.24653 11.2127 5.22341 0.04
1.22049 11.3297 5.3835 0.04
1.20212 11.447 5.54446 0.04
1.17295 11.5776 5.69311 0.04
