RowMax=95
0 83 19 red
1 15
2 18
3 25
4 28
5 30
6 32
7 41
8 52
9 53
10 54
11 56
12 60
13 62
14 65
15 67
16 67
17 68
18 72
19 74
0 0 0 0.725534
0 0.2 0 0.725534
-0.0118786 0.399528 0.00687974 0.724431
-0.021711 0.599247 0.0108435 0.724431
-0.03373 0.798886 0.0108537 0.723326
-0.0512494 0.998109 0.0125781 0.722219
-0.0708725 1.19714 0.0141999 0.72111
-0.0869224 1.39649 0.0157761 0.72111
-0.101618 1.59569 0.00564699 0.72111
-0.114547 1.7947 -0.00941122 0.72111
-0.13073 1.9932 -0.0277569 0.72
-0.147974 2.19147 -0.0475766 0.718888
-0.156464 2.39098 -0.0586692 0.718888
-0.163446 2.59061 -0.068499 0.717774
-0.164395 2.79046 -0.0763297 0.716659
-0.163127 2.99022 -0.0859446 0.703648
-0.154787 3.18986 -0.0945821 0.6906483
-0.151464 3.38958 -0.104701 0.677643
-0.149458 3.58913 -0.117889 0.632121
-0.150752 3.78853 -0.133422 0.586621
-0.166579 3.98685 -0.153834 0.54111
-0.214205 4.1795 -0.178709 0.53963
-0.295379 4.36034 -0.205328 0.538145
-0.388014 4.53593 -0.229491 0.536656
-0.469042 4.71713 -0.254013 0.536656
-0.540836 4.90265 -0.274768 0.491528
-0.604884 5.09086 -0.296552 0.489898
-0.660539 5.28149 -0.320234 0.488262
-0.714861 5.47266 -0.342691 0.438038
-0.757085 5.66591 -0.372179 0.387814
-0.797861 5.85894 -0.404995 0.35327
-0.839283 6.05098 -0.44251 0.35327
-0.874335 6.24319 -0.485223 0.350999
-0.905617 6.43571 -0.529481 0.350999
-0.938313 6.62645 -0.579982 0.350999
-0.973123 6.81742 -0.628132 0.350999
-1.00368 7.00888 -0.677223 0.350999
-1.04291 7.1992 -0.724536 0.350999
-1.08798 7.38531 -0.782265 0.350999
-1.14095 7.56633 -0.848787 0.350999
-1.20214 7.74472 -0.915358 0.350999
-1.26661 7.9214 -0.983389 0.348712
-1.31801 8.10375 -1.04747 0.348712
-1.35768 8.28607 -1.11947 0.348712
-1.38854 8.46596 -1.20126 0.348712
-1.40322 8.63722 -1.30351 0.348712
-1.39438 8.78545 -1.43749 0.348712
-1.37505 8.93645 -1.56719 0.34641
-1.35471 9.09165 -1.69169 0.344093
-1.33445 9.25521 -1.805 0.344093
-1.32524 9.42352 -1.91263 0.344093
-1.31233 9.59145 -2.02049 0.34176
-1.2998 9.76578 -2.11771 0.327414
-1.29386 9.94402 -2.20824 0.268328
-1.28181 10.122 -2.29865 0.26533
-1.26527 10.3012 -2.38593 0.262298
-1.2244 10.4769 -2.4724 0.233238
-1.17674 10.6491 -2.56211 0.233238
-1.13425 10.8215 -2.65426 0.233238
-1.09553 10.9892 -2.75607 0.233238
-1.04578 11.1425 -2.87448 0.229783
-0.993522 11.2896 -2.99955 0.229783
-0.939361 11.4285 -3.13288 0.16
-0.886077 11.5623 -3.27159 0.16
-0.841933 11.6927 -3.4167 0.154919
-0.795579 11.8183 -3.56531 0.138564
-0.746642 11.9447 -3.71237 0.138564
-0.679892 12.0593 -3.86202 0.113137
-0.626257 12.142 -4.03608 0.10583
-0.553189 12.197 -4.21395 0.0979796
-0.444912 12.2399 -4.37652 0.0979796
-0.337636 12.2829 -4.53975 0.0979796
-0.236837 12.3154 -4.70941 0.069282
-0.132581 12.3458 -4.87736 0.069282
-0.02581 12.3611 -5.04578 0.0565685
0.0977196 12.3646 -5.20303 0.0565685
0.17453 12.3507 -5.38717 0.0565685
0.195376 12.3092 -5.5817 0.04
0.160564 12.239 -5.76572 0.04
0.118878 12.1678 -5.9479 0.04
0.0287168 12.0895 -6.10832 0.04
-0.0357935 12.0381 -6.29053 0.04
-0.0435207 12.1199 -6.47288 0.04
1 71 6 green
20 30
21 34
22 45
23 46
24 48
25 63
-0.163127 2.99022 -0.0859446 0.233238
-0.345718 3.06737 -0.112559 0.233238
-0.446508 3.24003 -0.118093 0.233238
-0.465893 3.43155 -0.0638226 0.233238
-0.47354 3.62817 -0.0996311 0.233238
-0.532835 3.815 -0.139377 0.233238
-0.612103 3.99226 -0.187258 0.233238
-0.703441 4.16601 -0.225608 0.233238
-0.788151 4.34519 -0.252377 0.233238
-0.86024 4.52637 -0.296862 0.233238
-0.92477 4.7139 -0.322721 0.233238
-1.01647 4.88558 -0.368712 0.229783
-1.13376 5.04258 -0.408661 0.229783
-1.19254 5.2337 -0.412757 0.229783
-1.19519 5.43311 -0.39763 0.229783
-1.26613 5.6193 -0.380312 0.229783
-1.32141 5.81054 -0.39968 0.229783
-1.38674 5.99793 -0.424488 0.226274
-1.46169 6.183 -0.435907 0.226274
-1.546 6.36408 -0.445997 0.222711
-1.60446 6.55518 -0.454015 0.222711
-1.6619 6.74624 -0.467997 0.222711
-1.69648 6.94255 -0.484295 0.222711
-1.70599 7.13922 -0.519402 0.219089
-1.73006 7.33695 -0.537431 0.219089
-1.78496 7.52906 -0.546185 0.219089
-1.82144 7.7248 -0.565091 0.21166
-1.87124 7.91812 -0.577105 0.21166
-1.92871 8.10935 -0.588456 0.21166
-1.98946 8.29973 -0.596572 0.207846
-2.04965 8.49029 -0.604739 0.16
-2.1081 8.68112 -0.617548 0.16
-2.16685 8.87158 -0.634084 0.154919
-2.22067 9.06373 -0.647596 0.154919
-2.27375 9.2562 -0.659278 0.149666
-2.32859 9.44814 -0.671693 0.138564
-2.37856 9.64142 -0.683742 0.132665
-2.42653 9.83558 -0.684895 0.132665
-2.47202 10.0285 -0.658552 0.132665
-2.51473 10.2137 -0.596013 0.132665
-2.54996 10.3991 -0.529833 0.126491
-2.58409 10.5846 -0.463421 0.126491
-2.61934 10.7738 -0.408928 0.126491
-2.65971 10.9656 -0.369298 0.126491
-2.69611 11.1588 -0.332226 0.126491
-2.73067 11.3514 -0.290967 0.12
-2.77177 11.5425 -0.248682 0.113137
-2.80324 11.7375 -0.217421 0.113137
-2.83586 11.9326 -0.188213 0.0979796
-2.76626 12.0851 -0.29731 0.0979796
-2.94102 12.1493 -0.370422 0.0979796
-3.0733 12.2423 -0.488132 0.0979796
-3.18247 12.3792 -0.584764 0.0979796
-3.29158 12.516 -0.681563 0.0979796
-3.41266 12.6623 -0.744269 0.0979796
-3.5318 12.8068 -0.814532 0.0979796
-3.66024 12.9346 -0.899154 0.0979796
-3.79666 13.0492 -0.990001 0.0979796
-3.9341 13.159 -1.0852 0.0894427
-4.05869 13.2665 -1.19885 0.08
-4.17739 13.3783 -1.31464 0.08
-4.31166 13.4875 -1.41497 0.08
-4.4446 13.595 -1.51872 0.08
-4.57032 13.7125 -1.62065 0.0565685
-4.65982 13.8687 -1.70782 0.04
-4.68107 14.0491 -1.79148 0.04
-4.75433 14.2081 -1.88821 0.04
-4.8266 14.3662 -1.98696 0.04
-4.90175 14.5372 -2.05853 0.04
-4.98837 14.6916 -2.15155 0.04
-5.14473 14.8159 -2.16176 0.04
2 55 11 green
26 14
27 16
28 17
29 19
30 26
31 31
32 33
33 34
34 39
35 40
36 42
-0.149458 3.58913 -0.117889 0.407922
0.0473945 3.6189 -0.0988449 0.405956
0.225094 3.70345 -0.0631334 0.405956
0.377591 3.83266 -0.056254 0.405956
0.509586 3.98276 -0.0631776 0.40398
0.634772 4.1386 -0.0696495 0.401995
0.747601 4.30252 -0.0896553 0.401995
0.850604 4.47181 -0.116714 0.401995
0.956304 4.63796 -0.151665 0.401995
1.05687 4.80632 -0.190926 0.401995
1.16165 4.97076 -0.235411 0.401995
1.26634 5.1337 -0.285343 0.401995
1.37276 5.29476 -0.337636 0.401995
1.48084 5.45356 -0.393311 0.401995
1.59097 5.61016 -0.451195 0.4
1.69777 5.76564 -0.51766 0.4
1.80213 5.91872 -0.592989 0.256125
1.90322 6.06819 -0.679241 0.252982
1.99503 6.21937 -0.772605 0.252982
2.07847 6.37179 -0.871637 0.246577
2.15423 6.52794 -0.971012 0.246577
2.22742 6.68476 -1.07127 0.246577
2.30147 6.8426 -1.16926 0.243311
2.37165 7.00318 -1.26565 0.243311
2.44137 7.17442 -1.34191 0.243311
2.50989 7.3484 -1.41288 0.24
2.57897 7.52438 -1.47813 0.187617
2.64902 7.70077 -1.54121 0.187617
2.71739 7.87875 -1.60161 0.178885
2.78206 8.06294 -1.64511 0.174356
2.8438 8.24897 -1.68487 0.174356
2.89716 8.43974 -1.71242 0.164924
2.94379 8.63349 -1.72939 0.164924
3.00763 8.82132 -1.75476 0.154919
3.08891 9.00113 -1.78733 0.149666
3.17549 9.17638 -1.82965 0.144222
3.26389 9.34791 -1.88224 0.144222
3.36582 9.50686 -1.94815 0.144222
3.46957 9.66414 -2.01523 0.144222
3.56993 9.81939 -2.09156 0.138564
3.66053 9.96916 -2.18829 0.126491
3.75828 10.1073 -2.29491 0.12
3.84331 10.2405 -2.41747 0.08
3.89408 10.3777 -2.55389 0.08
3.91298 10.501 -2.71022 0.069282
3.9321 10.6154 -2.87315 0.069282
3.96609 10.7353 -3.02959 0.0565685
4.0035 10.8536 -3.18642 0.0565685
4.04618 10.9707 -3.34285 0.0565685
4.11468 11.0925 -3.48593 0.04
4.19447 11.1991 -3.63512 0.04
4.33114 11.2793 -3.7572 0.04
4.489 11.394 -3.80098 0.04
4.64693 11.5089 -3.84404 0.04
4.80404 11.6248 -3.88734 0.04
3 57 5 green
37 19
38 20
39 24
40 36
41 43
-0.540836 4.90265 -0.274768 0.215407
-0.375351 4.98864 -0.202519 0.215407
-0.34228 5.18394 -0.230169 0.215407
-0.354571 5.38161 -0.202376 0.215407
-0.356542 5.58133 -0.212828 0.215407
-0.34396 5.78024 -0.196171 0.215407
-0.330112 5.97918 -0.181011 0.215407
-0.30687 6.17744 -0.168542 0.215407
-0.283027 6.37582 -0.159833 0.215407
-0.263379 6.57476 -0.15382 0.215407
-0.248546 6.77405 -0.14598 0.215407
-0.236682 6.97334 -0.133963 0.215407
-0.228842 7.17287 -0.122797 0.215407
-0.223743 7.37235 -0.109196 0.215407
-0.223042 7.57091 -0.0852941 0.215407
-0.219364 7.76783 -0.0504966 0.215407
-0.217546 7.96316 -0.00759112 0.215407
-0.216739 8.15584 0.0460358 0.21166
-0.220569 8.34774 0.102226 0.207846
-0.225952 8.53695 0.166827 0.187617
-0.226595 8.72402 0.237553 0.164924
-0.221439 8.90989 0.311228 0.164924
-0.207843 9.09543 0.384644 0.164924
-0.199301 9.28638 0.443488 0.164924
-0.216666 9.48264 0.477856 0.144222
-0.254123 9.67804 0.498294 0.144222
-0.285056 9.8747 0.517465 0.144222
-0.307961 10.0723 0.538001 0.144222
-0.326298 10.27 0.562187 0.144222
-0.373151 10.4642 0.572209 0.144222
-0.427547 10.6565 0.579458 0.132665
-0.479852 10.8495 0.583923 0.132665
-0.524168 11.044 0.598652 0.132665
-0.545623 11.2406 0.628316 0.126491
-0.55895 11.4383 0.655197 0.12
-0.561193 11.6357 0.687596 0.12
-0.556986 11.8339 0.713497 0.10583
-0.547111 12.0319 0.740543 0.10583
-0.532113 12.2297 0.765522 0.0979796
-0.48266 12.4235 0.762624 0.0979796
-0.375183 12.591 0.74271 0.0979796
-0.242274 12.7369 0.710645 0.0894427
-0.101632 12.8772 0.687205 0.08
-0.00140924 13.0463 0.724278 0.069282
0.0808375 13.2255 0.757568 0.069282
0.164126 13.4062 0.77756 0.0565685
0.215985 13.5989 0.764372 0.0565685
0.25108 13.7898 0.715827 0.0565685
0.255442 13.9739 0.638007 0.0565685
0.253123 14.1594 0.563268 0.0565685
0.163926 14.3197 0.48343 0.0565685
-0.000664272 14.4037 0.406948 0.0565685
-0.157127 14.5101 0.342209 0.0565685
-0.28209 14.6662 0.347619 0.0565685
-0.410113 14.8198 0.35113 0.04
-0.505453 14.995 0.336192 0.04
-0.604979 15.1273 0.448321 0.04
4 57 9 green
42 15
43 20
44 21
45 23
46 36
47 38
48 40
49 46
50 50
-0.714861 5.47266 -0.342691 0.296648
-0.551611 5.56694 -0.275903 0.296648
-0.528071 5.76453 -0.29602 0.296648
-0.523802 5.96366 -0.314078 0.296648
-0.506797 6.1616 -0.291024 0.296648
-0.47365 6.35875 -0.29685 0.296648
-0.489394 6.55596 -0.326182 0.296648
-0.461504 6.75253 -0.350279 0.296648
-0.422576 6.94763 -0.370849 0.296648
-0.416006 7.14622 -0.393573 0.296648
-0.402829 7.3451 -0.410139 0.296648
-0.400881 7.54436 -0.427285 0.296648
-0.394332 7.74415 -0.433389 0.296648
-0.386238 7.94393 -0.438336 0.293939
-0.383599 8.14391 -0.440015 0.293939
-0.378611 8.34364 -0.449111 0.285657
-0.377391 8.54337 -0.459256 0.28
-0.378183 8.74303 -0.470918 0.28
-0.366775 8.94203 -0.487387 0.28
-0.332468 9.13745 -0.512533 0.274226
-0.281011 9.32798 -0.544924 0.236643
-0.224611 9.51505 -0.587666 0.2
-0.169683 9.70277 -0.629435 0.195959
-0.115812 9.89111 -0.669741 0.164924
-0.0679745 10.0813 -0.708884 0.164924
-0.0151368 10.2701 -0.748491 0.164924
0.0508464 10.4555 -0.784365 0.164924
0.121792 10.6399 -0.815042 0.164924
0.201642 10.8214 -0.841411 0.164924
0.295312 10.9969 -0.861705 0.164924
0.400468 11.1656 -0.883775 0.16
0.498433 11.3375 -0.913037 0.154919
0.601923 11.5036 -0.954116 0.154919
0.709112 11.6648 -1.00461 0.154919
0.815128 11.825 -1.06004 0.149666
0.922515 11.9804 -1.1259 0.149666
1.02543 12.1324 -1.20536 0.138564
1.12113 12.2832 -1.29532 0.126491
1.21608 12.4258 -1.39852 0.12
1.31604 12.5421 -1.52688 0.12
1.42354 12.628 -1.67203 0.10583
1.53168 12.7267 -1.80823 0.10583
1.6107 12.8413 -1.95187 0.10583
1.67909 12.9497 -2.10539 0.0979796
1.74544 13.057 -2.26061 0.0979796
1.79872 13.1573 -2.42521 0.0979796
1.83373 13.2664 -2.58916 0.0894427
1.86836 13.3758 -2.75295 0.0894427
1.90109 13.4791 -2.92104 0.08
1.91905 13.5609 -3.10266 0.08
1.91541 13.6255 -3.29192 0.069282
1.91101 13.7075 -3.47428 0.069282
1.93406 13.8019 -3.64908 0.069282
1.99992 13.9056 -3.80694 0.04
2.05397 14.0039 -3.97251 0.04
2.05827 14.103 -4.14614 0.04
2.23177 14.1476 -4.2351 0.04
5 56 5 green
51 27
52 38
53 42
54 44
55 45
-0.797861 5.85894 -0.404995 0.16
-0.945262 5.86714 -0.539923 0.16
-1.05403 6.00078 -0.641468 0.16
-1.05821 6.16709 -0.752481 0.16
-1.08293 6.34686 -0.836557 0.16
-1.11054 6.54415 -0.854315 0.16
-1.12497 6.73293 -0.91877 0.16
-1.15748 6.92203 -0.975197 0.16
-1.1894 7.10045 -1.05974 0.16
-1.20614 7.28629 -1.13174 0.16
-1.21927 7.47087 -1.20762 0.16
-1.29576 7.63534 -1.29187 0.16
-1.35219 7.79518 -1.39801 0.16
-1.37067 7.94002 -1.53469 0.16
-1.39617 8.08503 -1.67005 0.16
-1.40814 8.24559 -1.78869 0.16
-1.42108 8.41079 -1.90068 0.16
-1.42254 8.57353 -2.01693 0.16
-1.41295 8.72601 -2.146 0.154919
-1.39841 8.88615 -2.26493 0.154919
-1.37914 9.03702 -2.3948 0.154919
-1.36295 9.17112 -2.54229 0.154919
-1.34756 9.31128 -2.68413 0.154919
-1.33313 9.45807 -2.81921 0.154919
-1.32072 9.61717 -2.93976 0.149666
-1.30109 9.77654 -3.05899 0.149666
-1.26033 9.91801 -3.19435 0.144222
-1.21535 10.0376 -3.34823 0.138564
-1.17951 10.1443 -3.51352 0.132665
-1.16436 10.2229 -3.6968 0.132665
-1.18043 10.2179 -3.89609 0.132665
-1.20802 10.2028 -4.09361 0.132665
-1.23947 10.1663 -4.28771 0.132665
-1.27674 10.1271 -4.48025 0.132665
-1.31975 10.0882 -4.67168 0.132665
-1.39001 10.0527 -4.85553 0.126491
-1.47635 10.0179 -5.03255 0.126491
-1.56938 9.98385 -5.20628 0.126491
-1.65596 9.95158 -5.38366 0.12
-1.74871 9.92355 -5.55862 0.113137
-1.85175 9.90719 -5.72925 0.113137
-1.96239 9.89602 -5.89548 0.113137
-2.07554 9.88989 -6.06029 0.0979796
-2.18943 9.88595 -6.22465 0.0979796
-2.30942 9.89805 -6.3842 0.08
-2.42474 9.92909 -6.54463 0.069282
-2.5357 9.97556 -6.7044 0.069282
-2.65618 10.032 -6.85373 0.069282
-2.79082 10.0902 -6.98969 0.0565685
-2.91915 10.1485 -7.13157 0.0565685
-3.0121 10.2002 -7.30094 0.04
-3.06736 10.241 -7.48879 0.04
-3.1189 10.291 -7.67545 0.04
-3.19517 10.3606 -7.84674 0.04
-3.31256 10.4716 -7.96462 0.04
-3.41612 10.5945 -8.08366 0.04
6 10 0 green
-0.874335 6.24319 -0.485223 0.04
-0.892638 6.2296 -0.68392 0.04
-0.895383 6.35135 -0.842567 0.04
-0.909268 6.53658 -0.916714 0.04
-0.932174 6.71603 -1.00199 0.04
-0.92254 6.90994 -1.05003 0.04
-0.959779 7.10485 -1.02508 0.04
-0.968069 7.29691 -1.08026 0.04
-0.983327 7.47848 -1.16271 0.04
-1.05634 7.6634 -1.14089 0.04
7 7 0 green
-1.26661 7.9214 -0.983389 0.04
-1.20935 7.94178 -1.17393 0.04
-1.10625 8.05731 -1.30051 0.04
-1.14942 8.23613 -1.379 0.04
-1.18846 8.39515 -1.49384 0.04
-1.20691 8.57699 -1.57504 0.04
-1.29889 8.63309 -1.74355 0.04
8 32 0 green
-1.2998 9.76578 -2.11771 0.0979796
-1.11785 9.84482 -2.09229 0.0979796
-0.954392 9.9524 -2.13361 0.0979796
-0.865275 10.128 -2.16834 0.0979796
-0.788636 10.3045 -2.22298 0.0979796
-0.728647 10.4863 -2.28087 0.0979796
-0.687062 10.6814 -2.29494 0.0979796
-0.651643 10.8734 -2.33865 0.0979796
-0.613316 11.0535 -2.41651 0.0894427
-0.584428 11.2169 -2.5283 0.0894427
-0.569212 11.3953 -2.61728 0.0894427
-0.545076 11.571 -2.70986 0.0894427
-0.498612 11.7322 -2.8187 0.08
-0.457451 11.9083 -2.90411 0.069282
-0.397086 12.04 -3.04193 0.069282
-0.329727 12.116 -3.21423 0.069282
-0.205758 12.0865 -3.36837 0.069282
-0.0889981 12.0809 -3.53065 0.069282
0.012212 12.1111 -3.70048 0.0565685
0.115593 12.1556 -3.8658 0.0565685
0.209138 12.255 -4.01202 0.0565685
0.312646 12.3904 -4.11668 0.0565685
0.422154 12.501 -4.24227 0.0565685
0.510564 12.5775 -4.40451 0.0565685
0.603211 12.6423 -4.56949 0.0565685
0.710915 12.7191 -4.71948 0.0565685
0.812494 12.7914 -4.87588 0.0565685
0.920325 12.86 -5.0297 0.0565685
1.0413 12.9601 -5.15359 0.0565685
1.16526 13.0729 -5.26277 0.04
1.21814 13.1541 -5.4377 0.04
1.19202 13.0194 -5.58318 0.04
9 31 3 green
56 4
57 6
58 25
-1.29386 9.94402 -2.20824 0.187617
-1.39402 10.1076 -2.15155 0.187617
-1.56638 10.1911 -2.2092 0.187617
-1.71644 10.3083 -2.27037 0.183303
-1.86592 10.4294 -2.325 0.16
-2.01359 10.5591 -2.36218 0.16
-2.1463 10.7031 -2.40281 0.154919
-2.27951 10.8406 -2.46054 0.154919
-2.34401 11.0299 -2.46535 0.154919
-2.40463 11.2204 -2.46929 0.154919
-2.46397 11.4114 -2.46736 0.154919
-2.53003 11.5985 -2.49292 0.149666
-2.60341 11.7792 -2.53707 0.144222
-2.67863 11.9549 -2.59601 0.144222
-2.754 12.1312 -2.65284 0.144222
-2.84924 12.3001 -2.70195 0.126491
-2.95344 12.468 -2.73279 0.126491
-3.07184 12.6234 -2.77556 0.113137
-3.17405 12.781 -2.8442 0.10583
-3.28697 12.9232 -2.92802 0.10583
-3.41397 13.0296 -3.04006 0.0894427
-3.53459 13.1079 -3.17907 0.08
-3.63531 13.171 -3.33991 0.069282
-3.7286 13.2682 -3.48777 0.069282
-3.81318 13.3721 -3.63623 0.069282
-3.91161 13.4822 -3.77106 0.0565685
-4.00287 13.5855 -3.91599 0.0565685
-4.06197 13.6536 -4.09454 0.04
-4.10487 13.7282 -4.27508 0.04
-3.96737 13.7287 -4.42031 0.04
-3.82987 13.7292 -4.56555 0.04
10 8 0 green
-1.28181 10.122 -2.29865 0.04
-1.09058 10.1667 -2.33649 0.04
-1.00662 10.3449 -2.30174 0.04
-0.939025 10.4727 -2.43988 0.04
-0.897277 10.5509 -2.61919 0.04
-0.831374 10.5732 -2.80669 0.04
-0.88316 10.6261 -2.99249 0.04
-0.934947 10.679 -3.17829 0.04
11 25 5 green
59 7
60 8
61 9
62 12
63 13
-1.2244 10.4769 -2.4724 0.12
-1.39598 10.5652 -2.41993 0.12
-1.51254 10.7136 -2.48619 0.12
-1.58671 10.8993 -2.49111 0.12
-1.65851 11.0854 -2.50577 0.12
-1.73414 11.2679 -2.53714 0.12
-1.80678 11.4506 -2.5738 0.12
-1.87178 11.6328 -2.62431 0.10583
-1.9363 11.811 -2.68835 0.0979796
-1.99664 11.9739 -2.78742 0.0894427
-2.05309 12.1134 -2.91916 0.0894427
-2.1054 12.23 -3.07302 0.0894427
-2.16866 12.3149 -3.24266 0.08
-2.24932 12.393 -3.40818 0.069282
-2.32849 12.4758 -3.57214 0.069282
-2.409 12.5588 -3.7353 0.069282
-2.524 12.63 -3.88264 0.069282
-2.63544 12.6681 -4.04429 0.069282
-2.73972 12.6868 -4.21392 0.0565685
-2.81734 12.6902 -4.39821 0.0565685
-2.89549 12.7788 -4.55959 0.04
-2.9236 12.892 -4.72206 0.04
-2.935 13.0683 -4.81576 0.04
-2.96218 13.2206 -4.94247 0.04
-2.9705 13.3434 -5.10014 0.04
12 6 0 green
-1.04578 11.1425 -2.87448 0.04
-0.848254 11.1592 -2.84791 0.04
-0.651186 11.1373 -2.82178 0.04
-0.545969 11.201 -2.97947 0.04
-0.475955 11.2876 -3.14559 0.04
-0.429052 11.3008 -3.33957 0.04
13 21 4 green
64 8
65 12
66 13
67 14
-0.939361 11.4285 -3.13288 0.164924
-0.98401 11.3298 -3.30101 0.164924
-0.94325 11.3128 -3.49608 0.16
-0.961406 11.461 -3.6292 0.16
-1.10543 11.5448 -3.73979 0.16
-1.22929 11.6376 -3.86648 0.154919
-1.31305 11.7124 -4.03197 0.149666
-1.38177 11.7642 -4.21251 0.149666
-1.44425 11.8141 -4.39584 0.144222
-1.51349 11.8598 -4.57781 0.144222
-1.58424 11.9041 -4.75956 0.144222
-1.65183 11.9462 -4.94303 0.144222
-1.70547 11.9862 -5.1315 0.12
-1.74519 12.026 -5.32344 0.113137
-1.7856 12.0615 -5.51607 0.10583
-1.83271 12.0957 -5.70741 0.0894427
-1.88543 12.13 -5.89726 0.08
-1.9125 12.1299 -6.09542 0.0565685
-1.94825 12.1415 -6.29186 0.04
-2.10322 12.1363 -6.41818 0.04
-2.30012 12.1685 -6.40432 0.04
14 11 0 green
-0.795579 11.8183 -3.56531 0.069282
-0.656071 11.9259 -3.47068 0.069282
-0.558534 12.0999 -3.45619 0.0565685
-0.611455 12.2927 -3.4506 0.0565685
-0.684719 12.4788 -3.4516 0.04
-0.745747 12.6692 -3.45607 0.04
-0.772677 12.8673 -3.46203 0.04
-0.803996 13.0648 -3.46583 0.04
-0.859291 13.2567 -3.47535 0.04
-1.04414 13.3235 -3.51238 0.04
-1.23749 13.3067 -3.56067 0.04
15 7 1 green
68 3
-0.679892 12.0593 -3.86202 0.069282
-0.57454 12.21 -3.94073 0.069282
-0.667833 12.3849 -3.96767 0.0565685
-0.774465 12.5461 -4.01885 0.04
-0.836342 12.7309 -4.06409 0.04
-0.919848 12.9117 -4.04572 0.04
-1.00607 12.9769 -4.21397 0.04
16 16 0 green
-0.679892 12.0593 -3.86202 0.04
-0.494625 12.0153 -3.92316 0.04
-0.365217 11.9135 -4.03667 0.04
-0.204725 11.8421 -4.13233 0.04
-0.0279418 11.7838 -4.20541 0.04
0.122833 11.7063 -4.31153 0.04
0.273559 11.629 -4.41787 0.04
0.421388 11.5487 -4.52606 0.04
0.568105 11.4677 -4.63519 0.04
0.71516 11.388 -4.74485 0.04
0.862806 11.3118 -4.8562 0.04
1.00569 11.2144 -4.95665 0.04
1.14942 11.1166 -5.05555 0.04
1.29548 11.0179 -5.15 0.04
1.41749 10.9282 -5.28065 0.04
1.53806 10.8375 -5.41192 0.04
17 6 0 green
-0.626257 12.142 -4.03608 0.04
-0.758832 12.0986 -4.1794 0.04
-0.898742 11.9922 -4.27485 0.04
-0.985412 11.9151 -4.43775 0.04
-1.0709 11.9048 -4.61827 0.04
-1.13591 11.8952 -4.80717 0.04
18 7 0 green
-0.236837 12.3154 -4.70941 0.04
-0.335884 12.4115 -4.85414 0.04
-0.477 12.5175 -4.94822 0.04
-0.582767 12.5582 -5.11302 0.04
-0.680833 12.5285 -5.28479 0.04
-0.72746 12.5583 -5.47698 0.04
-0.774086 12.5881 -5.66917 0.04
19 7 0 green
-0.02581 12.3611 -5.04578 0.04
0.0791285 12.191 -5.05189 0.04
-0.0402192 12.0901 -5.17666 0.04
-0.14063 11.9925 -5.31951 0.04
-0.180232 11.9285 -5.50481 0.04
-0.143885 11.9088 -5.70049 0.04
-0.133624 11.9009 -5.90007 0.04
20 39 1 blue
69 29
-2.04965 8.49029 -0.604739 0.126491
-2.07504 8.64746 -0.725774 0.126491
-2.19285 8.72822 -0.865778 0.126491
-2.26532 8.91062 -0.904226 0.126491
-2.35516 9.07391 -0.976779 0.126491
-2.4286 9.24556 -1.04849 0.126491
-2.47457 9.42254 -1.12953 0.126491
-2.52272 9.59459 -1.21942 0.126491
-2.5646 9.7683 -1.30925 0.126491
-2.60588 9.93822 -1.40633 0.126491
-2.647 10.1096 -1.50084 0.126491
-2.68487 10.2794 -1.59951 0.126491
-2.72289 10.4454 -1.70446 0.113137
-2.75269 10.6142 -1.80736 0.113137
-2.79122 10.7863 -1.90175 0.10583
-2.85963 10.9624 -1.96755 0.0979796
-2.92688 11.1413 -2.02638 0.0894427
-3.03184 11.2944 -2.10087 0.0894427
-3.11287 11.4519 -2.19378 0.0894427
-3.18223 11.6066 -2.29986 0.0894427
-3.25868 11.7574 -2.4066 0.0894427
-3.33816 11.901 -2.52091 0.0894427
-3.43348 12.0204 -2.65001 0.0894427
-3.55124 12.098 -2.79183 0.0894427
-3.6708 12.1633 -2.93824 0.0894427
-3.78902 12.2373 -3.0816 0.0894427
-3.91168 12.2922 -3.22972 0.08
-4.05019 12.3247 -3.37027 0.08
-4.19149 12.3576 -3.50795 0.08
-4.33627 12.4003 -3.63916 0.069282
-4.48951 12.448 -3.7585 0.069282
-4.65644 12.5079 -3.85095 0.069282
-4.81247 12.568 -3.96067 0.069282
-4.96643 12.6263 -4.07424 0.069282
-5.11231 12.6895 -4.19558 0.069282
-5.2519 12.7436 -4.32822 0.0565685
-5.38489 12.7922 -4.46946 0.04
-5.48659 12.8416 -4.63444 0.04
-5.33662 12.8096 -4.76285 0.04
21 9 0 blue
-2.27375 9.2562 -0.659278 0.04
-2.31535 9.3062 -0.470149 0.04
-2.31958 9.45503 -0.336611 0.04
-2.30015 9.62613 -0.234885 0.04
-2.29864 9.81059 -0.157622 0.04
-2.29752 9.99017 -0.0695791 0.04
-2.31428 10.1846 -0.0259302 0.04
-2.34872 10.3411 0.0937396 0.04
-2.3814 10.4962 0.21578 0.04
22 12 0 blue
-2.73067 11.3514 -0.290967 0.04
-2.67043 11.3695 -0.101111 0.04
-2.69524 11.5379 0.0038346 0.04
-2.7644 11.5905 0.183981 0.04
-2.83357 11.643 0.364128 0.04
-2.90273 11.6956 0.544275 0.04
-2.97189 11.7482 0.724422 0.04
-3.04106 11.8007 0.904568 0.04
-3.07138 11.8543 1.09486 0.04
-3.10097 11.9079 1.28527 0.04
-3.12835 11.9614 1.47601 0.04
-3.28351 12.0014 1.59572 0.04
23 21 0 blue
-2.77177 11.5425 -0.248682 0.04
-2.86994 11.61 -0.409302 0.04
-3.06124 11.6669 -0.396216 0.04
-3.2457 11.6658 -0.318921 0.04
-3.43156 11.6618 -0.245179 0.04
-3.61742 11.6577 -0.17141 0.04
-3.80326 11.6537 -0.0975989 0.04
-3.98907 11.6498 -0.0237209 0.04
-4.17484 11.646 0.0502736 0.04
-4.36052 11.6423 0.124499 0.04
-4.55301 11.6878 0.154198 0.04
-4.74394 11.7457 0.168112 0.04
-4.9271 11.8196 0.136795 0.04
-5.04466 11.9533 0.0456162 0.04
-5.16208 12.0871 -0.0456056 0.04
-5.27928 12.221 -0.136895 0.04
-5.3961 12.3551 -0.228301 0.04
-5.51219 12.4897 -0.319932 0.04
-5.62654 12.6255 -0.412082 0.04
-5.73507 12.7649 -0.50587 0.04
-5.92146 12.8182 -0.554995 0.04
24 10 0 blue
-2.83586 11.9326 -0.188213 0.0565685
-2.83981 12.1264 -0.138812 0.0565685
-2.86116 12.3176 -0.0839844 0.0565685
-2.89601 12.5136 -0.0647067 0.0565685
-2.92841 12.7051 -0.0172347 0.0565685
-2.91145 12.8768 0.0840031 0.04
-2.92193 13.0557 0.172802 0.04
-2.93769 13.2421 0.243363 0.04
-3.00988 13.4285 0.250536 0.04
-3.08328 13.6126 0.223458 0.04
25 8 0 blue
-4.57032 13.7125 -1.62065 0.0565685
-4.7138 13.5748 -1.64197 0.0565685
-4.84229 13.4252 -1.67534 0.0565685
-4.96993 13.2749 -1.70895 0.0565685
-5.0959 13.1233 -1.74273 0.0565685
-5.21298 12.968 -1.78944 0.04
-5.36566 12.8421 -1.8184 0.04
-5.56472 12.8227 -1.81711 0.04
26 6 0 blue
1.59097 5.61016 -0.451195 0.04
1.65818 5.73089 -0.306608 0.04
1.66968 5.92886 -0.280584 0.04
1.81931 6.05933 -0.304822 0.04
1.88358 6.21822 -0.40788 0.04
1.98495 6.388 -0.437868 0.04
27 50 11 blue
70 7
71 11
72 13
73 25
74 26
75 27
76 30
77 34
78 35
79 36
80 38
1.80213 5.91872 -0.592989 0.307246
1.98744 5.89773 -0.665241 0.307246
2.07591 5.87492 -0.843154 0.307246
2.17863 5.96616 -0.988492 0.307246
2.21082 6.07811 -1.15107 0.307246
2.28404 6.17663 -1.30897 0.307246
2.34595 6.27951 -1.46892 0.307246
2.38883 6.38308 -1.63455 0.304631
2.44072 6.49559 -1.79155 0.304631
2.49317 6.6099 -1.94706 0.301993
2.54717 6.72821 -2.099 0.301993
2.59973 6.85409 -2.24527 0.268328
2.64585 6.97782 -2.39547 0.268328
2.67437 7.09261 -2.55675 0.243311
2.70743 7.21183 -2.71389 0.243311
2.73064 7.32119 -2.87973 0.243311
2.75337 7.42495 -3.04919 0.243311
2.78081 7.52859 -3.21803 0.243311
2.80592 7.6239 -3.39206 0.243311
2.82345 7.70744 -3.57292 0.243311
2.84669 7.78658 -3.75512 0.243311
2.86884 7.86177 -3.93912 0.243311
2.88382 7.93035 -4.1264 0.243311
2.89486 7.99819 -4.31422 0.243311
2.89795 8.06407 -4.50303 0.243311
2.89885 8.13172 -4.69124 0.219089
2.89967 8.20267 -4.87823 0.2
2.9026 8.27584 -5.06434 0.195959
2.90101 8.3483 -5.25075 0.187617
2.89243 8.42594 -5.43486 0.187617
2.87986 8.51215 -5.61489 0.178885
2.86427 8.60596 -5.79084 0.174356
2.84885 8.70334 -5.96484 0.16
2.84977 8.80156 -6.13906 0.16
2.85194 8.903 -6.31141 0.113137
2.84503 9.00745 -6.48183 0.0894427
2.83687 9.10782 -6.65463 0.08
2.82279 9.21723 -6.82146 0.08
2.83087 9.29834 -7.00409 0.069282
2.83686 9.376 -7.1883 0.069282
2.80112 9.45569 -7.36822 0.0565685
2.72521 9.54304 -7.53135 0.04
2.57717 9.61585 -7.6444 0.04
2.40107 9.64104 -7.7358 0.04
2.21281 9.62374 -7.80105 0.04
2.02248 9.60221 -7.8586 0.04
1.84694 9.60019 -7.95443 0.04
1.73768 9.64724 -8.1152 0.04
1.63628 9.72607 -8.26851 0.04
1.54016 9.81026 -8.42237 0.04
28 6 0 blue
1.90322 6.06819 -0.679241 0.04
1.87698 6.22836 -0.562374 0.04
1.99937 6.38349 -0.531459 0.04
2.05013 6.57004 -0.582666 0.04
2.09344 6.75352 -0.649458 0.04
2.12063 6.947 -0.692182 0.04
29 21 0 blue
2.07847 6.37179 -0.871637 0.0565685
2.10119 6.53456 -0.757665 0.0565685
2.13031 6.7267 -0.804924 0.0565685
2.21106 6.90638 -0.839497 0.0565685
2.2362 7.10034 -0.88129 0.0565685
2.28019 7.28674 -0.938896 0.0565685
2.3398 7.44991 -1.03801 0.0565685
2.37159 7.62362 -1.1319 0.04
2.45462 7.8023 -1.16624 0.04
2.56981 7.96522 -1.17992 0.04
2.65459 8.14513 -1.20104 0.04
2.76922 8.30845 -1.1874 0.04
2.89551 8.46264 -1.20403 0.04
2.99735 8.63459 -1.19612 0.04
3.14827 8.76482 -1.17989 0.04
3.29383 8.88556 -1.11482 0.04
3.43898 8.9942 -1.03039 0.04
3.57208 9.05302 -0.893194 0.04
3.70542 9.11174 -0.756178 0.04
3.83965 9.17013 -0.619893 0.04
3.98118 9.24415 -0.499524 0.04
30 28 4 blue
81 12
82 13
83 15
84 17
2.57897 7.52438 -1.47813 0.144222
2.65091 7.63652 -1.62729 0.144222
2.73139 7.60302 -1.80729 0.144222
2.86335 7.61234 -1.95729 0.138564
2.99027 7.69296 -2.08916 0.138564
3.09433 7.78767 -2.23131 0.132665
3.19085 7.89673 -2.36837 0.132665
3.2829 8.00352 -2.51023 0.132665
3.37781 8.11145 -2.64931 0.132665
3.477 8.21736 -2.78695 0.132665
3.58142 8.32102 -2.92242 0.126491
3.68647 8.41976 -3.06103 0.126491
3.79075 8.51287 -3.20406 0.12
3.89678 8.5987 -3.35031 0.113137
4.00905 8.67845 -3.49535 0.113137
4.11973 8.74753 -3.64694 0.0894427
4.23711 8.81687 -3.79327 0.08
4.36413 8.88306 -3.93285 0.069282
4.48978 8.95423 -4.07123 0.069282
4.64332 9.02013 -4.18116 0.069282
4.81986 9.09248 -4.24114 0.0565685
5.00095 9.16422 -4.28652 0.0565685
5.19402 9.19267 -4.33029 0.0565685
5.38447 9.14088 -4.36265 0.04
5.53962 9.12558 -4.48792 0.04
5.49361 9.04408 -4.66467 0.04
5.37989 8.94978 -4.79949 0.04
5.22452 8.84966 -4.87587 0.04
31 6 0 blue
2.89716 8.43974 -1.71242 0.0565685
2.71663 8.52552 -1.71936 0.04
2.63789 8.70878 -1.70463 0.04
2.73573 8.86586 -1.78045 0.04
2.71181 9.03357 -1.88677 0.04
2.8096 9.19303 -1.95755 0.04
32 11 0 blue
3.00763 8.82132 -1.75476 0.04
3.16274 8.92004 -1.67606 0.04
3.2314 8.9786 -1.49757 0.04
3.3327 9.15102 -1.4941 0.04
3.43278 9.31749 -1.44645 0.04
3.52169 9.49624 -1.43444 0.04
3.61295 9.67028 -1.47157 0.04
3.75385 9.79373 -1.54164 0.04
3.90392 9.91086 -1.60296 0.04
4.06707 10.0198 -1.64187 0.04
4.22786 10.1266 -1.6943 0.04
33 13 0 blue
3.08891 9.00113 -1.78733 0.04
3.06567 9.04072 -1.98199 0.04
2.98393 9.21893 -2.02149 0.04
2.97606 9.3651 -2.15778 0.04
2.96833 9.51133 -2.294 0.04
2.96107 9.6578 -2.42999 0.04
3.00772 9.81495 -2.54456 0.04
3.06321 9.96966 -2.65852 0.04
3.15332 10.1061 -2.77375 0.04
3.1851 10.2758 -2.87459 0.04
3.21047 10.4459 -2.97678 0.04
3.09551 10.5922 -2.90348 0.04
3.02241 10.6051 -2.71776 0.04
34 10 0 blue
3.56993 9.81939 -2.09156 0.04
3.65315 9.91923 -1.93955 0.04
3.74881 10.0784 -1.86533 0.04
3.90968 10.1955 -1.88566 0.04
4.04736 10.3314 -1.93635 0.04
4.194 10.4658 -1.95752 0.04
4.32382 10.6115 -1.91388 0.04
4.44225 10.7681 -1.87595 0.04
4.53679 10.9428 -1.85239 0.04
4.63061 11.1177 -1.82788 0.04
35 8 0 blue
3.66053 9.96916 -2.18829 0.0565685
3.74312 9.87359 -2.34335 0.0565685
3.68577 9.90579 -2.53223 0.0565685
3.66294 9.99148 -2.71149 0.0565685
3.6352 10.1219 -2.86059 0.04
3.63762 10.2084 -3.04087 0.04
3.60562 10.2268 -3.23744 0.04
3.57091 10.1341 -3.41123 0.04
36 20 0 blue
3.84331 10.2405 -2.41747 0.08
3.96156 10.3512 -2.53477 0.08
4.06564 10.4959 -2.44408 0.069282
4.13706 10.6761 -2.39481 0.069282
4.24002 10.8252 -2.47949 0.069282
4.3266 11.0005 -2.52184 0.069282
4.41321 11.1757 -2.56424 0.069282
4.49988 11.3509 -2.60672 0.069282
4.49786 11.5466 -2.64755 0.069282
4.48962 11.7419 -2.68985 0.069282
4.48635 11.9373 -2.73249 0.069282
4.48977 12.1326 -2.77551 0.0565685
4.50007 12.3276 -2.81858 0.0565685
4.44477 12.5176 -2.84764 0.0565685
4.29626 12.6501 -2.86724 0.0565685
4.14806 12.783 -2.88692 0.04
3.99687 12.9123 -2.90733 0.04
3.81192 12.9837 -2.93379 0.04
3.61434 12.9945 -2.96286 0.04
3.43358 12.9152 -2.93083 0.04
37 36 0 blue
-0.225952 8.53695 0.166827 0.0894427
-0.095447 8.54411 0.318211 0.0894427
-0.0519265 8.68308 0.455297 0.0894427
0.0436593 8.81872 0.566942 0.08
0.123094 8.96573 0.676842 0.069282
0.228256 9.10833 0.769613 0.069282
0.328352 9.23766 0.884744 0.069282
0.440799 9.37819 0.971961 0.069282
0.555409 9.52267 1.04936 0.0565685
0.663922 9.67353 1.12329 0.0565685
0.769824 9.79526 1.24147 0.0565685
0.880124 9.91491 1.35774 0.0565685
1.00583 10.0472 1.43961 0.0565685
1.13948 10.1959 1.4426 0.0565685
1.2652 10.3365 1.50931 0.0565685
1.39092 10.477 1.57601 0.0565685
1.47466 10.6418 1.65239 0.0565685
1.54532 10.8123 1.72944 0.0565685
1.60421 10.9849 1.81137 0.0565685
1.66137 11.1574 1.89505 0.0565685
1.71914 11.3294 1.97915 0.0565685
1.74936 11.5065 2.06697 0.0565685
1.78319 11.6826 2.15548 0.0565685
1.81665 11.857 2.24754 0.0565685
1.85307 12.0296 2.34176 0.0565685
1.88781 12.2034 2.43454 0.0565685
1.93991 12.3665 2.53785 0.0565685
1.99717 12.5279 2.64112 0.0565685
2.05873 12.6902 2.74048 0.0565685
2.13024 12.8446 2.84566 0.04
2.2074 12.9965 2.95037 0.04
2.29082 13.1274 3.07649 0.04
2.37911 13.2507 3.20684 0.04
2.46311 13.3627 3.34966 0.04
2.55688 13.4628 3.49526 0.04
2.65682 13.5943 3.60799 0.04
38 26 0 blue
-0.226595 8.72402 0.237553 0.0894427
-0.408208 8.8023 0.20772 0.0894427
-0.445469 8.99152 0.154751 0.0894427
-0.517015 9.17395 0.194764 0.0894427
-0.589546 9.35119 0.252436 0.0894427
-0.610199 9.54903 0.273234 0.0894427
-0.677468 9.73081 0.322528 0.0894427
-0.690902 9.92883 0.347142 0.0894427
-0.713245 10.1276 0.344851 0.0894427
-0.836205 10.2847 0.358344 0.0894427
-0.925026 10.4634 0.372587 0.0894427
-1.052 10.6163 0.394742 0.0894427
-1.1706 10.7651 0.456253 0.0894427
-1.28616 10.9148 0.521283 0.0894427
-1.39086 11.0644 0.602929 0.0894427
-1.49704 11.2099 0.689874 0.0894427
-1.60263 11.3492 0.787071 0.0894427
-1.71135 11.4884 0.880842 0.0894427
-1.81551 11.6288 0.978099 0.08
-1.92375 11.7666 1.07444 0.08
-2.03293 11.8814 1.19656 0.069282
-2.15635 11.9586 1.33368 0.04
-2.26135 12.0126 1.49509 0.04
-2.43082 11.9228 1.5517 0.04
-2.62074 11.874 1.59112 0.04
-2.79953 11.9582 1.56016 0.04
39 30 1 blue
85 6
-0.216666 9.48264 0.477856 0.08
-0.070507 9.51249 0.611072 0.08
-0.0345655 9.66123 0.739863 0.08
0.0221417 9.84871 0.780291 0.08
0.112007 10.017 0.840315 0.08
0.200862 10.185 0.902485 0.08
0.276065 10.3571 0.97131 0.069282
0.360319 10.524 1.0424 0.069282
0.450695 10.6848 1.11971 0.069282
0.566808 10.8278 1.19754 0.069282
0.675744 10.9717 1.28383 0.069282
0.782883 11.1178 1.36848 0.069282
0.882914 11.2663 1.45757 0.069282
0.985166 11.4094 1.55275 0.069282
1.08753 11.5517 1.64913 0.069282
1.18434 11.6931 1.75226 0.069282
1.27947 11.8381 1.85187 0.069282
1.37919 11.9832 1.94674 0.0565685
1.48094 12.1273 2.04098 0.0565685
1.57329 12.2684 2.14854 0.04
1.59587 12.4203 2.27663 0.04
1.46792 12.4873 2.41499 0.04
1.29405 12.4817 2.51367 0.04
1.25584 12.5675 2.69024 0.04
1.21763 12.6533 2.86681 0.04
1.17943 12.7392 3.04338 0.04
1.14122 12.825 3.21995 0.04
1.10301 12.9108 3.39652 0.04
1.0648 12.9966 3.57309 0.04
1.0266 13.0824 3.74966 0.04
40 7 0 blue
-0.556986 11.8339 0.713497 0.0565685
-0.75014 11.8857 0.709413 0.0565685
-0.829115 12.008 0.846503 0.0565685
-0.891163 12.1764 0.934696 0.04
-0.972451 12.3175 1.05083 0.04
-1.03287 12.505 1.08575 0.04
-1.09328 12.6924 1.12066 0.04
41 9 0 blue
-0.00140924 13.0463 0.724278 0.04
0.0983879 12.9859 0.886752 0.04
0.17994 13.0899 1.03688 0.04
0.199427 13.2695 1.12263 0.04
0.238969 13.4246 1.24254 0.04
0.278511 13.5797 1.36245 0.04
0.318053 13.7348 1.48236 0.04
0.357595 13.8899 1.60227 0.04
0.397136 14.045 1.72218 0.04
42 18 0 blue
-0.378611 8.34364 -0.449111 0.069282
-0.405326 8.48149 -0.306691 0.069282
-0.569938 8.5857 -0.261494 0.069282
-0.732148 8.69091 -0.312673 0.0565685
-0.867206 8.83766 -0.327626 0.04
-0.969665 9.00905 -0.316345 0.04
-1.05751 9.18544 -0.282158 0.04
-1.1503 9.3581 -0.242422 0.04
-1.22944 9.53224 -0.184021 0.04
-1.2839 9.70156 -0.0925548 0.04
-1.31952 9.88781 -0.0289868 0.04
-1.34539 10.0752 0.0358788 0.04
-1.36995 10.2614 0.10479 0.04
-1.40401 10.4546 0.143477 0.04
-1.439 10.6464 0.188103 0.04
-1.47517 10.8315 0.254747 0.04
-1.50026 11.0049 0.351184 0.04
-1.55191 11.1897 0.407438 0.04
43 31 0 blue
-0.281011 9.32798 -0.544924 0.138564
-0.112581 9.34493 -0.651434 0.138564
0.0225331 9.48397 -0.700552 0.138564
0.0893581 9.66059 -0.634684 0.138564
0.217247 9.81153 -0.664041 0.138564
0.28909 9.99808 -0.670095 0.138564
0.308391 10.1509 -0.797646 0.132665
0.331994 10.3378 -0.864942 0.132665
0.434975 10.5022 -0.913515 0.132665
0.565321 10.6526 -0.893541 0.126491
0.726158 10.7673 -0.862446 0.126491
0.888429 10.881 -0.889608 0.12
1.05187 10.9909 -0.924389 0.12
1.20984 11.1134 -0.93075 0.10583
1.36005 11.2453 -0.937662 0.10583
1.49291 11.3941 -0.951769 0.10583
1.60738 11.5569 -0.971542 0.08
1.71019 11.7281 -0.983145 0.08
1.79138 11.8977 -1.05109 0.069282
1.84499 12.0426 -1.17813 0.069282
1.87344 12.1022 -1.36693 0.069282
1.89945 12.1834 -1.54783 0.0565685
1.91535 12.269 -1.7279 0.0565685
2.07312 12.2333 -1.84554 0.04
2.2188 12.2529 -1.98117 0.04
2.31316 12.3763 -2.10716 0.04
2.40824 12.4997 -2.23259 0.04
2.50648 12.6158 -2.36243 0.04
2.60874 12.7146 -2.50308 0.04
2.74763 12.8134 -2.60769 0.04
2.91591 12.8733 -2.69768 0.04
44 34 3 blue
86 14
87 22
88 30
-0.224611 9.51505 -0.587666 0.12
-0.327038 9.64887 -0.695376 0.12
-0.408056 9.82314 -0.750733 0.12
-0.417069 10.0225 -0.763187 0.12
-0.376431 10.2148 -0.80028 0.12
-0.329498 10.3926 -0.879023 0.12
-0.352554 10.5891 -0.90802 0.12
-0.340689 10.786 -0.941136 0.12
-0.33296 10.9844 -0.965208 0.113137
-0.329976 11.184 -0.97722 0.10583
-0.306143 11.3825 -0.97022 0.10583
-0.287867 11.5805 -0.948701 0.10583
-0.255326 11.7777 -0.943774 0.10583
-0.225687 11.9755 -0.945905 0.10583
-0.197434 12.1728 -0.962494 0.0979796
-0.160515 12.3666 -0.995417 0.0979796
-0.102771 12.5526 -1.04086 0.0979796
-0.0290941 12.7347 -1.07874 0.0979796
0.0424336 12.9171 -1.11876 0.0979796
0.112076 13.0967 -1.17257 0.0979796
0.183702 13.2755 -1.22623 0.0979796
0.258102 13.4533 -1.27969 0.0979796
0.33219 13.6265 -1.347 0.08
0.401529 13.7931 -1.43312 0.08
0.412291 13.9051 -1.59848 0.08
0.384967 13.9591 -1.78911 0.069282
0.387472 14.0218 -1.97902 0.069282
0.43854 14.1299 -2.13936 0.069282
0.485829 14.2338 -2.30354 0.069282
0.526843 14.3308 -2.47356 0.069282
0.556763 14.4152 -2.65243 0.0565685
0.565577 14.4741 -2.84333 0.0565685
0.477504 14.3944 -3.0042 0.04
0.441379 14.3179 -3.18545 0.04
45 36 1 blue
89 20
-0.115812 9.89111 -0.669741 0.10583
-0.261542 10.0039 -0.592028 0.10583
-0.302665 10.1981 -0.616261 0.10583
-0.221598 10.3747 -0.663706 0.10583
-0.184908 10.5695 -0.689943 0.10583
-0.172236 10.7656 -0.727476 0.10583
-0.177974 10.9655 -0.724144 0.10583
-0.166809 11.1616 -0.686374 0.10583
-0.147877 11.3564 -0.645602 0.10583
-0.118257 11.5491 -0.600728 0.10583
-0.0826279 11.7421 -0.562224 0.10583
-0.0373819 11.9339 -0.528126 0.10583
0.0123684 12.1257 -0.501376 0.10583
0.0653233 12.3133 -0.456338 0.10583
0.123341 12.4981 -0.406725 0.0979796
0.185446 12.6833 -0.363867 0.0979796
0.269212 12.8649 -0.35784 0.0979796
0.349295 13.048 -0.351724 0.0894427
0.430308 13.2288 -0.324334 0.08
0.489658 13.4045 -0.249522 0.08
0.552924 13.5886 -0.203515 0.069282
0.660399 13.7439 -0.137616 0.069282
0.77781 13.8968 -0.0845687 0.0565685
0.87658 14.0519 -0.00580098 0.0565685
0.944581 14.1851 0.126959 0.0565685
1.01727 14.3403 0.230152 0.0565685
1.09573 14.4869 0.341302 0.04
1.17604 14.63 0.455562 0.04
1.24822 14.8036 0.523706 0.04
1.31177 14.9933 0.523473 0.04
1.37503 15.183 0.521559 0.04
1.43749 15.3729 0.515284 0.04
1.50434 15.5606 0.532621 0.04
1.57154 15.7484 0.547009 0.04
1.64118 15.9295 0.5956 0.04
1.7188 16.0963 0.67397 0.04
46 6 0 blue
1.02543 12.1324 -1.20536 0.04
1.04312 12.26 -1.05238 0.04
1.09421 12.4505 -1.01935 0.04
1.26787 12.5497 -1.02038 0.04
1.44359 12.6451 -1.01514 0.04
1.60514 12.7626 -1.02481 0.04
47 17 0 blue
1.21608 12.4258 -1.39852 0.04
1.0838 12.4896 -1.53428 0.04
1.03856 12.5131 -1.72767 0.04
1.02989 12.5221 -1.92728 0.04
1.00228 12.5133 -2.12516 0.04
1.07934 12.5663 -2.30195 0.04
1.16451 12.6824 -2.4407 0.04
1.24496 12.7834 -2.59345 0.04
1.32148 12.9197 -2.71821 0.04
1.40856 13.0809 -2.79845 0.04
1.49151 13.2303 -2.90234 0.04
1.57099 13.3087 -3.0683 0.04
1.61491 13.2993 -3.2632 0.04
1.70065 13.167 -3.38625 0.04
1.78643 13.0346 -3.50917 0.04
1.8723 12.9019 -3.63174 0.04
1.95852 12.7682 -3.753 0.04
48 7 0 blue
1.42354 12.628 -1.67203 0.0565685
1.61252 12.6316 -1.60666 0.04
1.7728 12.7128 -1.51886 0.04
1.8814 12.8806 -1.52615 0.04
1.98548 13.0479 -1.56037 0.04
2.06214 13.2009 -1.66397 0.04
2.13879 13.3538 -1.76757 0.04
49 7 0 blue
1.83373 13.2664 -2.58916 0.04
1.96412 13.3989 -2.51543 0.04
2.06835 13.5693 -2.52621 0.04
2.20637 13.703 -2.58157 0.04
2.35467 13.8225 -2.6426 0.04
2.49878 13.9369 -2.72096 0.04
2.63956 14.0538 -2.80173 0.04
50 6 0 blue
1.91541 13.6255 -3.29192 0.04
1.71779 13.6023 -3.3121 0.04
1.60522 13.6517 -3.46985 0.04
1.53861 13.6613 -3.65819 0.04
1.47133 13.6688 -3.84638 0.04
1.43856 13.7187 -4.03727 0.04
51 7 0 blue
-1.21535 10.0376 -3.34823 0.04
-1.12837 10.2083 -3.29072 0.04
-1.07706 10.4005 -3.31109 0.04
-1.04291 10.5919 -3.35777 0.04
-0.99754 10.7759 -3.42194 0.04
-0.994454 10.9743 -3.44669 0.04
-1.00972 11.1725 -3.46843 0.04
52 11 0 blue
-1.65596 9.95158 -5.38366 0.04
-1.56584 9.8318 -5.51606 0.04
-1.45727 9.86505 -5.6807 0.04
-1.36734 9.90965 -5.85368 0.04
-1.27798 9.95419 -6.02698 0.04
-1.32554 9.92652 -6.21926 0.04
-1.3863 9.89188 -6.40663 0.04
-1.44818 9.85721 -6.59363 0.04
-1.51294 9.82243 -6.77963 0.04
-1.5441 9.78686 -6.97396 0.04
-1.48748 9.83847 -7.15871 0.04
53 6 0 blue
-2.07554 9.88989 -6.06029 0.0565685
-2.24626 9.83826 -5.9698 0.0565685
-2.44168 9.80031 -5.95051 0.0565685
-2.64088 9.78258 -5.94814 0.04
-2.83875 9.80668 -5.96443 0.04
-3.02694 9.85926 -5.92177 0.04
54 8 0 blue
-2.30942 9.89805 -6.3842 0.0565685
-2.20944 9.7954 -6.52372 0.0565685
-2.1905 9.7431 -6.71583 0.0565685
-2.18651 9.78609 -6.91111 0.0565685
-2.17483 9.83928 -7.10356 0.04
-2.19923 9.89295 -7.29467 0.04
-2.22006 9.81087 -7.47585 0.04
-2.24094 9.72782 -7.65659 0.04
55 7 0 blue
-2.42474 9.92909 -6.54463 0.04
-2.61034 9.97814 -6.48855 0.04
-2.77295 10.0334 -6.59105 0.04
-2.93139 10.147 -6.63573 0.04
-3.10411 10.2209 -6.70429 0.04
-3.24764 10.2536 -6.83969 0.04
-3.39888 10.2978 -6.96286 0.04
56 23 1 blue
90 13
-1.86592 10.4294 -2.325 0.0894427
-1.99045 10.3279 -2.44409 0.0894427
-2.17406 10.333 -2.5232 0.0894427
-2.3502 10.3449 -2.6172 0.0894427
-2.51048 10.3443 -2.73683 0.0894427
-2.667 10.3448 -2.86133 0.0894427
-2.82447 10.3451 -2.98463 0.0894427
-2.98018 10.3451 -3.11014 0.0894427
-3.13969 10.3498 -3.2307 0.0894427
-3.30074 10.357 -3.34907 0.0894427
-3.45945 10.3624 -3.47066 0.0894427
-3.61534 10.3673 -3.59585 0.0894427
-3.77371 10.3716 -3.71792 0.0894427
-3.93408 10.3808 -3.83707 0.08
-4.09809 10.3914 -3.95104 0.08
-4.27191 10.3981 -4.04974 0.08
-4.45577 10.411 -4.12739 0.08
-4.65234 10.4325 -4.15728 0.069282
-4.85171 10.4484 -4.15687 0.069282
-5.05007 10.4637 -4.13634 0.069282
-5.24509 10.4902 -4.17193 0.0565685
-5.4411 10.5208 -4.14667 0.04
-5.6042 10.5986 -4.06092 0.04
57 6 0 blue
-2.1463 10.7031 -2.40281 0.04
-2.30356 10.6418 -2.29549 0.04
-2.44445 10.5069 -2.25138 0.04
-2.45884 10.4995 -2.05203 0.04
-2.47104 10.6703 -1.94866 0.04
-2.49778 10.8592 -1.88866 0.04
58 8 0 blue
-3.91161 13.4822 -3.77106 0.04
-4.01266 13.5921 -3.63794 0.04
-4.13326 13.7151 -3.53634 0.04
-4.27208 13.8582 -3.5525 0.04
-4.42205 13.9803 -3.60356 0.04
-4.56828 14.0955 -3.67653 0.04
-4.70883 14.2243 -3.73714 0.04
-4.85086 14.3594 -3.77687 0.04
59 9 0 blue
-1.87178 11.6328 -2.62431 0.0565685
-1.97098 11.6636 -2.4534 0.0565685
-2.01781 11.7818 -2.299 0.0565685
-2.04317 11.9387 -2.17756 0.04
-2.0394 12.1177 -2.08847 0.04
-2.01046 12.3138 -2.06154 0.04
-2.06526 12.5061 -2.05955 0.04
-2.16205 12.6286 -2.18456 0.04
-2.25883 12.7511 -2.30958 0.04
60 10 0 blue
-1.9363 11.811 -2.68835 0.04
-1.78074 11.8526 -2.80696 0.04
-1.75926 11.9061 -2.99846 0.04
-1.75138 12.0144 -3.16643 0.04
-1.8059 12.0703 -3.35056 0.04
-1.90576 12.1198 -3.51661 0.04
-1.91369 12.2443 -3.67297 0.04
-1.8799 12.41 -3.77967 0.04
-1.81676 12.5885 -3.84433 0.04
-1.86125 12.5558 -4.03657 0.04
61 8 0 blue
-1.99664 11.9739 -2.78742 0.04
-2.1262 12.0796 -2.6777 0.04
-2.24535 12.2249 -2.60919 0.04
-2.32825 12.3913 -2.68295 0.04
-2.42018 12.5626 -2.72996 0.04
-2.53447 12.7049 -2.8118 0.04
-2.63524 12.7621 -2.64881 0.04
-2.77695 12.8449 -2.53449 0.04
62 13 0 blue
-2.16866 12.3149 -3.24266 0.04
-2.27836 12.4658 -3.17042 0.04
-2.47052 12.4937 -3.12252 0.04
-2.5777 12.3282 -3.15609 0.04
-2.6579 12.2117 -3.29748 0.04
-2.7381 12.0952 -3.43888 0.04
-2.85273 12.0874 -3.60258 0.04
-2.96061 12.063 -3.76922 0.04
-3.08271 12.045 -3.9266 0.04
-3.20235 12.0171 -4.08442 0.04
-3.33981 12.0098 -4.22951 0.04
-3.49991 12.0129 -4.34933 0.04
-3.65979 12.0159 -4.46945 0.04
63 6 0 blue
-2.24932 12.393 -3.40818 0.04
-2.38048 12.533 -3.35153 0.04
-2.45326 12.7172 -3.379 0.04
-2.4988 12.8884 -3.47189 0.04
-2.56325 13.0564 -3.55918 0.04
-2.61529 13.1165 -3.7427 0.04
64 9 0 blue
-1.44425 11.8141 -4.39584 0.04
-1.64319 11.7944 -4.38973 0.04
-1.82628 11.8543 -4.44343 0.04
-1.97936 11.9133 -4.55784 0.04
-2.09647 11.9479 -4.71623 0.04
-2.25247 11.9402 -4.84114 0.04
-2.40885 11.9328 -4.9656 0.04
-2.5662 11.9263 -5.08889 0.04
-2.69286 11.901 -5.24158 0.04
65 8 0 blue
-1.70547 11.9862 -5.1315 0.08
-1.60528 12.1578 -5.15403 0.0565685
-1.56479 12.2773 -5.3092 0.0565685
-1.70634 12.3991 -5.38098 0.0565685
-1.85423 12.5331 -5.39389 0.0565685
-2.00166 12.6672 -5.41046 0.04
-2.13285 12.7898 -5.49849 0.04
-2.11743 12.7053 -5.67907 0.04
66 6 0 blue
-1.74519 12.026 -5.32344 0.04
-1.75768 11.8533 -5.4236 0.04
-1.95176 11.8086 -5.44173 0.04
-2.07971 11.8771 -5.57934 0.04
-2.15028 11.8368 -5.7621 0.04
-2.18631 11.9333 -5.93354 0.04
67 8 0 blue
-1.7856 12.0615 -5.51607 0.04
-1.63916 11.9718 -5.61857 0.04
-1.46084 11.9925 -5.70673 0.04
-1.41288 12.0276 -5.8977 0.04
-1.3872 12.0358 -6.09588 0.04
-1.36253 12.0282 -6.29421 0.04
-1.29962 11.9971 -6.48149 0.04
-1.27437 11.9867 -6.67962 0.04
68 6 0 blue
-0.774465 12.5461 -4.01885 0.04
-0.732028 12.5429 -4.21427 0.04
-0.682533 12.5733 -4.40566 0.04
-0.611728 12.6897 -4.55206 0.04
-0.555377 12.781 -4.72084 0.04
-0.470724 12.9316 -4.82165 0.04
69 6 0 springgreen
-4.33627 12.4003 -3.63916 0.04
-4.25223 12.3015 -3.79137 0.04
-4.16909 12.2397 -3.96246 0.04
-4.08592 12.1779 -4.13354 0.04
-4.00267 12.1161 -4.30457 0.04
-3.91913 12.0544 -4.47546 0.04
70 8 0 springgreen
2.38883 6.38308 -1.63455 0.04
2.54286 6.47228 -1.54334 0.04
2.6283 6.63265 -1.6269 0.04
2.71397 6.76865 -1.74591 0.04
2.80519 6.90021 -1.86579 0.04
2.90052 7.0408 -1.97137 0.04
2.97679 7.21382 -2.03653 0.04
3.03061 7.37957 -2.13468 0.04
71 36 1 springgreen
91 11
2.59973 6.85409 -2.24527 0.138564
2.48233 6.79237 -2.39496 0.138564
2.40239 6.92097 -2.52563 0.138564
2.48184 6.89464 -2.70727 0.138564
2.46899 6.95638 -2.89707 0.138564
2.43138 7.04748 -3.0711 0.138564
2.42626 7.15136 -3.24193 0.138564
2.47398 7.2623 -3.40135 0.138564
2.45264 7.39304 -3.55119 0.138564
2.38437 7.48028 -3.7177 0.138564
2.32101 7.5463 -3.89555 0.138564
2.25932 7.59379 -4.07977 0.132665
2.21055 7.63981 -4.2682 0.132665
2.16672 7.6896 -4.45687 0.132665
2.11829 7.74445 -4.64301 0.126491
2.0634 7.79904 -4.82742 0.126491
1.98877 7.82986 -5.0104 0.126491
1.90251 7.8448 -5.19022 0.126491
1.82215 7.88623 -5.36862 0.113137
1.7449 7.94268 -5.54424 0.113137
1.711 8.02348 -5.72403 0.113137
1.68209 8.11372 -5.90016 0.113137
1.6471 8.20046 -6.07694 0.10583
1.61122 8.28383 -6.25516 0.0979796
1.55953 8.3619 -6.43189 0.0979796
1.50121 8.43255 -6.60967 0.0979796
1.43881 8.49685 -6.78848 0.08
1.37265 8.55565 -6.96783 0.069282
1.30739 8.61198 -7.14829 0.069282
1.21369 8.65564 -7.3195 0.069282
1.13426 8.71827 -7.49204 0.069282
1.01551 8.75173 -7.64945 0.069282
0.913447 8.8111 -7.81088 0.0565685
0.811271 8.88942 -7.96393 0.04
0.641498 8.87478 -8.06863 0.04
0.470034 8.84987 -7.96874 0.04
72 25 1 springgreen
92 18
2.67437 7.09261 -2.55675 0.113137
2.83743 7.19283 -2.49872 0.113137
2.87545 7.38599 -2.53395 0.113137
2.92817 7.49979 -2.68975 0.113137
2.98661 7.66606 -2.78428 0.113137
3.06803 7.81274 -2.89318 0.113137
3.13652 7.91378 -3.05161 0.113137
3.19248 7.9616 -3.23757 0.113137
3.26345 8.0077 -3.41878 0.113137
3.35002 8.06585 -3.58944 0.113137
3.44199 8.18541 -3.72077 0.113137
3.53953 8.30435 -3.84859 0.113137
3.63603 8.39599 -3.99789 0.113137
3.73723 8.47403 -4.15173 0.113137
3.82649 8.54524 -4.31593 0.113137
3.90763 8.61318 -4.48564 0.10583
3.98772 8.67986 -4.65635 0.10583
4.07685 8.73065 -4.82803 0.0894427
4.16964 8.78331 -4.99719 0.08
4.2702 8.84706 -5.15789 0.069282
4.36833 8.91852 -5.31684 0.0565685
4.4795 8.96346 -5.47691 0.04
4.61112 8.9624 -5.62749 0.04
4.73116 8.826 -5.71107 0.04
4.86462 8.67734 -5.70175 0.04
73 23 1 springgreen
93 11
2.89885 8.13172 -4.69124 0.0979796
2.72812 8.18165 -4.78266 0.0979796
2.5863 8.09214 -4.89163 0.0979796
2.51426 8.03767 -5.07008 0.0979796
2.50876 8.05873 -5.26889 0.0979796
2.47933 8.0906 -5.46413 0.0894427
2.44383 8.16241 -5.64738 0.0894427
2.38339 8.2505 -5.81646 0.08
2.28056 8.35635 -5.95144 0.08
2.18635 8.45519 -6.09758 0.08
2.07191 8.55543 -6.22741 0.08
1.96289 8.71358 -6.2831 0.069282
1.85839 8.88287 -6.26253 0.0565685
1.73599 9.0359 -6.30253 0.04
1.68033 9.22386 -6.34218 0.04
1.69626 9.41863 -6.29963 0.04
1.71527 9.61257 -6.25459 0.04
1.75254 9.80222 -6.2032 0.04
1.79088 9.99046 -6.14754 0.04
1.81555 10.1788 -6.08484 0.04
1.78972 10.3654 -6.01765 0.04
1.81521 10.5387 -5.92115 0.04
1.83752 10.7134 -5.82648 0.04
74 15 0 springgreen
2.89967 8.20267 -4.87823 0.08
3.06695 8.31113 -4.89422 0.08
3.16645 8.4809 -4.92994 0.08
3.26479 8.63733 -5.00649 0.08
3.37249 8.76977 -5.11072 0.08
3.47858 8.87929 -5.24013 0.069282
3.59971 8.98419 -5.35981 0.069282
3.70653 9.0714 -5.50467 0.0565685
3.79901 9.16194 -5.65715 0.0565685
3.89942 9.23941 -5.8118 0.04
4.06202 9.33531 -5.87786 0.04
4.22913 9.43868 -5.91512 0.04
4.38052 9.45658 -6.04459 0.04
4.33205 9.34719 -6.20486 0.04
4.29361 9.2511 -6.376 0.04
75 9 0 springgreen
2.9026 8.27584 -5.06434 0.04
2.92112 8.10184 -5.16119 0.04
2.94835 7.9611 -5.30066 0.04
2.97648 7.82036 -5.43995 0.04
3.01234 7.708 -5.60147 0.04
3.06296 7.62796 -5.77763 0.04
3.11249 7.54341 -5.95198 0.04
3.17542 7.51073 -6.13899 0.04
3.22713 7.48008 -6.32974 0.04
76 11 0 springgreen
2.87986 8.51215 -5.61489 0.0565685
2.99593 8.66961 -5.65655 0.0565685
3.16184 8.75036 -5.7337 0.0565685
3.2383 8.84739 -5.89099 0.0565685
3.36098 8.96557 -5.99579 0.0565685
3.44247 9.08622 -6.13291 0.0565685
3.49747 9.22746 -6.26339 0.0565685
3.55666 9.30814 -6.43656 0.0565685
3.60858 9.36413 -6.62141 0.04
3.64056 9.41857 -6.81118 0.04
3.57502 9.42896 -6.99986 0.04
77 12 0 springgreen
2.85194 8.903 -6.31141 0.10583
2.85946 8.78821 -6.47501 0.0979796
2.78143 8.72092 -6.64643 0.0979796
2.68583 8.69808 -6.82061 0.069282
2.59242 8.7032 -6.99738 0.069282
2.54619 8.71563 -7.19157 0.0565685
2.47527 8.81509 -7.34993 0.04
2.37735 8.93914 -7.4725 0.04
2.20922 9.03457 -7.52371 0.04
2.04838 9.14122 -7.57623 0.04
1.90136 9.261 -7.63977 0.04
1.84115 9.42035 -7.74456 0.04
78 10 0 springgreen
2.84503 9.00745 -6.48183 0.069282
2.95778 9.16039 -6.41942 0.069282
2.93578 9.35708 -6.39064 0.069282
2.88845 9.54482 -6.34051 0.069282
2.8439 9.73334 -6.29074 0.069282
2.80438 9.9231 -6.24144 0.069282
2.78936 10.1167 -6.1937 0.0565685
2.86733 10.3006 -6.18355 0.04
3.00246 10.4212 -6.26848 0.04
3.02176 10.4833 -6.45761 0.04
79 6 0 springgreen
2.83687 9.10782 -6.65463 0.04
3.00652 9.0611 -6.74969 0.04
3.14881 9.19889 -6.77741 0.04
3.24955 9.31141 -6.90853 0.04
3.3382 9.43735 -7.03613 0.04
3.39318 9.58996 -7.15311 0.04
80 6 0 springgreen
2.83087 9.29834 -7.00409 0.04
3.00619 9.3895 -7.03491 0.04
3.13829 9.48495 -7.15085 0.04
3.19803 9.59286 -7.30828 0.04
3.1409 9.71428 -7.45658 0.04
3.08401 9.90573 -7.46708 0.04
81 6 0 springgreen
3.79075 8.51287 -3.20406 0.04
3.66324 8.65689 -3.25882 0.04
3.71453 8.651 -3.45204 0.04
3.69087 8.61587 -3.6475 0.04
3.72477 8.62057 -3.84455 0.04
3.70984 8.70861 -4.02351 0.04
82 9 0 springgreen
3.89678 8.5987 -3.35031 0.04
3.98535 8.75103 -3.25571 0.04
4.12153 8.88473 -3.19587 0.04
4.29641 8.97923 -3.2179 0.04
4.47151 9.06197 -3.26786 0.04
4.64866 9.1395 -3.31892 0.04
4.82561 9.21995 -3.366 0.04
5.012 9.28961 -3.3861 0.04
5.20421 9.34315 -3.39995 0.04
83 15 1 springgreen
94 10
4.11973 8.74753 -3.64694 0.069282
3.9873 8.76682 -3.79556 0.069282
4.00085 8.79644 -3.99289 0.069282
4.0033 8.94003 -4.13209 0.069282
3.96184 9.10462 -4.23787 0.069282
3.92036 9.26922 -4.34364 0.069282
3.92006 9.43198 -4.45986 0.069282
3.91608 9.59527 -4.57528 0.069282
3.86368 9.75536 -4.6831 0.069282
3.81172 9.92574 -4.77404 0.069282
3.80441 10.1026 -4.86713 0.0565685
3.80733 10.2868 -4.94499 0.0565685
3.91088 10.4429 -4.87488 0.04
3.97303 10.5986 -4.76577 0.04
3.85424 10.7233 -4.66412 0.04
84 6 0 springgreen
4.36413 8.88306 -3.93285 0.04
4.4518 9.0492 -3.86419 0.04
4.62821 9.13851 -3.83416 0.04
4.73753 9.25306 -3.95634 0.04
4.93395 9.26621 -3.99167 0.04
5.08309 9.3961 -3.96188 0.04
85 10 0 springgreen
0.276065 10.3571 0.97131 0.04
0.143897 10.498 0.919642 0.04
0.0634554 10.6628 0.999597 0.04
-0.00311681 10.8456 1.04596 0.04
-0.0767932 10.9584 1.19375 0.04
-0.150415 11.0712 1.34156 0.04
-0.22393 11.1841 1.48942 0.04
-0.297202 11.2969 1.6374 0.04
-0.369676 11.4098 1.78576 0.04
-0.461242 11.5215 1.92409 0.04
86 8 0 springgreen
-0.197434 12.1728 -0.962494 0.04
-0.383163 12.2042 -1.02975 0.04
-0.568893 12.2355 -1.097 0.04
-0.754622 12.2668 -1.16425 0.04
-0.940351 12.2982 -1.2315 0.04
-1.12713 12.3295 -1.29579 0.04
-1.31381 12.3608 -1.36036 0.04
-1.50304 12.3921 -1.41703 0.04
87 9 0 springgreen
0.33219 13.6265 -1.347 0.04
0.148219 13.7049 -1.34978 0.04
0.0214994 13.7805 -1.48477 0.04
-0.162968 13.8559 -1.46798 0.04
-0.347436 13.9314 -1.45119 0.04
-0.531904 14.0068 -1.4344 0.04
-0.716372 14.0822 -1.41761 0.04
-0.90084 14.1577 -1.40082 0.04
-1.08531 14.2331 -1.38403 0.04
88 8 0 springgreen
0.556763 14.4152 -2.65243 0.04
0.677492 14.5646 -2.59694 0.04
0.7982 14.7141 -2.54141 0.04
0.918872 14.8636 -2.48584 0.04
1.03948 15.0131 -2.43018 0.04
1.15995 15.1627 -2.37433 0.04
1.28005 15.3124 -2.31799 0.04
1.39844 15.4625 -2.2594 0.04
89 7 0 springgreen
0.552924 13.5886 -0.203515 0.04
0.380435 13.689 -0.190839 0.04
0.192711 13.7565 -0.176431 0.04
0.00445191 13.8225 -0.161956 0.04
-0.170574 13.9064 -0.113784 0.04
-0.230967 14.0719 -0.019157 0.04
-0.277371 14.2663 -0.0281635 0.04
90 7 0 springgreen
-3.93408 10.3808 -3.83707 0.04
-3.84909 10.4318 -4.01076 0.04
-3.7947 10.3618 -4.19 0.04
-3.90789 10.3887 -4.35267 0.04
-3.99966 10.4141 -4.52855 0.04
-4.06703 10.4401 -4.71505 0.04
-4.13987 10.473 -4.89839 0.04
91 6 0 magenta
2.25932 7.59379 -4.07977 0.04
2.43422 7.67778 -4.12829 0.04
2.46585 7.78234 -4.29582 0.04
2.48668 7.77902 -4.4947 0.04
2.45763 7.90335 -4.64865 0.04
2.38316 8.02294 -4.79061 0.04
92 6 0 magenta
4.16964 8.78331 -4.99719 0.04
4.31894 8.65023 -4.99655 0.04
4.4958 8.56701 -5.03888 0.04
4.61029 8.60388 -5.19868 0.04
4.72399 8.6234 -5.36205 0.04
4.86846 8.58194 -5.49399 0.04
93 8 0 magenta
1.96289 8.71358 -6.2831 0.04
1.9752 8.75909 -6.47746 0.04
1.94753 8.76988 -6.67524 0.04
1.82873 8.78329 -6.83557 0.04
1.7728 8.84256 -7.01822 0.04
1.82618 8.8912 -7.20472 0.04
1.84328 8.98696 -7.37947 0.04
1.79733 9.05507 -7.56182 0.04
94 12 0 magenta
3.80441 10.1026 -4.86713 0.04
3.61639 10.081 -4.93182 0.04
3.42682 10.0936 -4.99429 0.04
3.23772 10.1224 -5.0527 0.04
3.04764 10.1312 -5.11427 0.04
2.88451 10.2397 -5.15466 0.04
2.72069 10.3426 -5.20542 0.04
2.55686 10.4454 -5.25616 0.04
2.39303 10.5483 -5.30688 0.04
2.22917 10.6512 -5.35754 0.04
2.06526 10.7541 -5.40801 0.04
1.90104 10.857 -5.45746 0.04
