95
3 0.02 30000
1.6 0.02 5000
1.6 0.02 5000
1.6 0.02 5000
1.6 0.02 5000
1.6 0.02 5000
1.6 0.02 5000
1.6 0.02 5000
1.6 0.02 5000
1.6 0.02 5000
1.6 0.02 5000
1.6 0.02 5000
1.6 0.02 5000
1.6 0.02 5000
1.6 0.02 5000
1.6 0.02 5000
1.6 0.02 5000
1.6 0.02 5000
1.6 0.02 5000
1.6 0.02 5000
1.2 0.01 3000
1.2 0.01 3000
1.2 0.01 3000
1.2 0.01 3000
1.2 0.01 3000
1.2 0.01 3000
1.2 0.01 3000
1.2 0.01 3000
1.2 0.01 3000
1.2 0.01 3000
1.2 0.01 3000
1.2 0.01 3000
1.2 0.01 3000
1.2 0.01 3000
1.2 0.01 3000
1.2 0.01 3000
1.2 0.01 3000
1.2 0.01 3000
1.2 0.01 3000
1.2 0.01 3000
1.2 0.01 3000
1.2 0.01 3000
1.2 0.01 3000
1.2 0.01 3000
1.2 0.01 3000
1.2 0.01 3000
1.2 0.01 3000
1.2 0.01 3000
1.2 0.01 3000
1.2 0.01 3000
1.2 0.01 3000
1.2 0.01 3000
1.2 0.01 3000
1.2 0.01 3000
1.2 0.01 3000
1.2 0.01 3000
1.2 0.01 3000
1.2 0.01 3000
1.2 0.01 3000
1.2 0.01 3000
1.2 0.01 3000
1.2 0.01 3000
1.2 0.01 3000
1.2 0.01 3000
1.2 0.01 3000
1.2 0.01 3000
1.2 0.01 3000
1.2 0.01 3000
1.2 0.01 3000
1 0.03 1000
1 0.03 1000
1 0.03 1000
1 0.03 1000
1 0.03 1000
1 0.03 1000
1 0.03 1000
1 0.03 1000
1 0.03 1000
1 0.03 1000
1 0.03 1000
1 0.03 1000
1 0.03 1000
1 0.03 1000
1 0.03 1000
1 0.03 1000
1 0.03 1000
1 0.03 1000
1 0.03 1000
1 0.03 1000
1 0.03 1000
1 0.03 1000
1.2 0.04 1000
1.2 0.04 1000
1.2 0.04 1000
1.2 0.04 1000
